4012
3722
1366
4230
3201
2166
3423
7980
6082
7933
3733
134
1385
3173
6519
6162
5887
1983
6633
8823
8830
6119
4190
8933
3788
5374
4567
7265
4728
2673
9297
6799
7624
4354
2938
3050
5363
9549
9187
1666
9913
5917
7913
1872
6243
413
3964
7939
2581
9063
9427
5839
997
2638
9167
9766
720
2863
5017
1971
5057
3921
370
4132
6892
2210
7950
4422
4786
2367
5060
6824
3668
4433
2786
4306
7556
2494
3665
6363
3877
8717
9297
3709
8716
1071
5649
801
5372
1103
6997
2563
2972
868
977
4620
1669
727
3088
7756
3857
8208
938
8617
2647
1856
190
2961
3005
142
2165
5419
3951
2621
6753
8792
1220
4120
721
1832
5219
8021
1246
1528
545
304
5830
9067
9036
124
5398
2245
3686
6376
110
715
7300
348
954
2398
2887
470
2960
2488
3960
7046
9356
5517
3797
7557
536
4726
5540
7331
3376
2061
7587
5342
9309
9597
8314
1127
5811
1798
9669
4733
5466
7567
3757
9918
3578
6883
7158
638
9161
3976
1203
1950
8401
7147
544
7658
5253
4474
3078
5792
5968
2923
4786
248
6098
6649
1491
750
6930
5668
1295
8928
8030
6686
8036
6676
5
2649
4238
2942
9229
9169
5023
4248
8263
7532
2746
9119
433
7829
9326
1800
4342
388
2720
4180
1322
1827
1580
2506
458
9913
431
5935
6696
1689
7105
6885
1900
8487
3847
3763
4795
923
4461
8890
503
5151
276
7826
7618
134
8473
5970
972
6052
8237
9737
5334
3583
759
2446
3203
1328
7599
1490
7855
52
3193
3142
4879
8843
6296
6470
8054
8819
3828
4602
667
5198
5996
5435
3847
5437
775
6993
753
9676
5842
9665
3161
6062
9415
6540
2155
1490
9395
6327
1903
1816
5
2372
1426
7001
6110
673
5466
7810
9875
8928
3718
2616
3706
2288
764
8855
3914
2876
8388
8506
3948
5498
6498
6757
9515
2800
5659
7674
6150
1888
7293
921
7156
6905
6752
508
6211
2835
4492
6888
6581
6408
2757
8319
7347
5495
3828
8991
8970
2665
3953
6352
4254
294
6465
6522
3520
2335
7345
1226
6048
5075
6087
354
8007
575
7918
6294
42
1592
4595
7652
2566
6679
3625
4993
4723
3390
6588
5738
2655
8491
8291
3936
4884
8603
5618
1674
6152
22
9760
9956
5849
4846
8123
2465
4795
9507
2598
6123
710
2819
4763
475
7914
4637
9621
2812
421
8217
705
8760
5815
7104
3243
3680
5672
2172
7713
4767
3578
6222
9385
5588
6704
3621
3340
4087
107
844
6980
9428
4531
5900
3794
8365
7952
6810
9590
1502
9039
2017
4653
6261
8095
9907
6490
6893
1779
6537
8755
8218
5312
6966
5853
1276
5027
9323
902
780
4597
8992
6472
5254
6242
6236
8799
2342
2350
7272
6911
8978
8946
3818
3273
4330
3380
6440
5373
1350
1345
7888
3408
7980
3201
4949
6772
9401
8935
424
7637
1505
9298
9342
1900
23
2826
4109
8498
5160
8242
1573
8396
159
257
1152
4018
6451
667
3823
3125
4522
509
5040
4256
8039
9337
9398
7437
2048
2431
4015
3944
9928
6747
82
8148
4339
2246
5213
7622
9544
1576
8864
3176
1586
604
6198
2340
5946
3212
1749
1457
5503
8499
9243
6571
6341
7778
4923
6327
3831
833
8146
6619
4555
6613
5939
1712
967
4729
5286
8335
3202
1331
5945
8983
5804
4096
5757
7593
8533
1230
165
4885
383
5742
85
8403
6259
9863
5536
9888
1977
7030
3735
7178
5135
8971
1327
9186
6571
1602
8798
6473
9655
5058
5838
8407
9450
3317
6183
8595
9701
7154
440
8870
8835
8423
3701
346
2139
6395
6603
5795
806
4134
1718
1004
9775
2578
2757
7878
9424
9543
6101
2801
5927
1263
7746
2192
8816
7455
3157
7302
3484
764
6771
868
9656
1117
2450
8692
9189
7071
212
4188
6858
2177
7959
4794
2879
7694
3145
4056
7620
7611
4688
6190
9882
7964
4780
6896
1547
9492
6404
299
6143
1689
3880
7179
775
4855
5591
9395
4099
9427
2265
752
2003
7744
204
3986
8453
6783
8352
2355
5630
9042
6775
8732
3004
1250
8341
2288
1613
2278
6043
2989
3057
1105
7705
3155
3327
502
7090
6076
6860
9745
7073
2483
3216
7790
7435
2433
9830
4467
1207
6056
5323
4234
8297
3357
4181
2867
6468
8665
1840
6160
2689
3295
9671
6536
3164
7594
3876
8114
9899
4795
7104
4237
7141
7927
9303
4815
5360
7224
213
8466
355
6259
579
7487
5402
175
9922
8312
9023
8059
9413
4137
8151
6739
9589
4276
7672
4259
6821
9579
145
684
6146
1134
3311
1859
6469
2955
1042
572
8653
7197
2749
4239
8334
2811
8997
3535
7310
6019
3867
1828
8475
1518
3692
3609
6284
8661
3634
8941
6102
35
8806
4435
4190
7003
6470
1310
7032
9416
1705
7398
2226
122
585
4744
3805
8505
9942
6353
2236
1569
5503
8835
4421
4609
8261
532
516
594
8458
6520
2771
7896
9950
8022
3948
2885
4492
2193
4581
7996
8512
6948
2428
5831
2536
6175
1234
3591
458
141
4438
3207
5739
225
697
1582
7238
9529
8171
2319
421
409
4243
6292
9954
2869
7670
1764
7462
1095
9292
4431
1893
609
3913
6513
8962
762
3934
9528
3810
4557
6344
1396
4803
7197
8296
1422
2839
8128
3235
1390
5165
1709
345
2412
8940
4280
5120
6517
7033
7441
5672
6053
7849
558
7280
9821
9583
3087
3269
4836
8676
5881
2042
8394
2984
4093
8159
6981
6037
3991
4977
4312
2915
3785
3163
8675
9151
5124
8752
5631
2634
7726
511
9313
1190
3169
6935
4240
7724
1762
2174
459
9361
9010
3668
5743
7278
411
5329
4031
6409
3317
7932
2582
8233
6291
2900
1193
2973
3131
3586
9559
9951
7003
110
6613
4557
5771
3774
387
41
9933
6883
2436
4585
3132
1399
9487
3634
2807
2924
3681
7215
8320
6104
3191
4205
6390
4461
6712
7674
7965
3776
3507
9090
7748
6052
808
7257
131
7567
9626
7508
9635
6027
6457
6741
7564
3839
4003
5010
8660
443
5895
1911
2033
4473
4091
363
6143
1486
740
9391
1187
6876
6291
2030
517
1862
3033
9961
7980
8280
2237
309
4723
9326
6256
7554
6086
3847
731
2397
3509
5841
3191
6910
1297
6774
2569
5584
2358
865
9501
9117
5315
8169
3875
2524
3870
8404
8002
1737
8209
6142
8023
5500
268
2402
4527
4219
3838
6173
8129
4718
1155
7871
2488
4647
5162
9804
9882
93
5671
1425
1829
7514
3473
5133
8801
7955
70
4717
8369
9075
6721
1206
2723
8542
5765
4148
1338
726
4455
4930
7700
3670
2675
2455
4033
1886
4138
5980
671
2872
4437
3051
2916
1261
7739
1419
3892
2527
9898
3432
2634
491
2718
4125
7373
3227
5518
8923
1110
9348
9957
3231
2873
6429
4994
5885
3408
9915
8889
7586
1025
1928
1489
2967
5710
9838
1600
5353
3771
6360
7400
5386
3861
7954
7295
8420
9019
2482
3817
7919
6498
9647
3786
6828
1429
2108
6412
2266
2408
3314
9360
5194
4244
2449
9290
4585
6627
7377
982
3200
5217
6834
8253
9230
7170
8130
5781
2855
7665
2035
7607
1570
9783
6217
5014
1649
585
3760
5650
4758
7191
5601
9134
238
995
3208
86
4366
9714
2170
7815
2017
5481
3879
3567
2783
7000
2550
3749
707
9492
9186
5162
4703
4017
5631
8620
2756
5244
5498
8142
4922
5985
5951
1153
7920
7925
1285
7893
811
5785
8657
5852
2872
5255
7555
4089
3371
5899
9728
7606
1601
5373
5605
4266
403
6173
3787
7704
1837
1286
5635
8138
8536
953
2651
5108
7566
5297
9710
5036
1360
4959
4769
242
1547
1284
3633
4340
5878
2461
2303
8261
5103
235
7608
5378
4386
7602
9917
5035
5241
8885
7221
5105
5498
4777
4980
2980
4563
6780
2621
6774
3060
5634
399
6339
9468
697
8094
9791
3539
8128
1889
891
8682
3839
18
5056
6549
7167
8369
5501
4366
4103
9035
3233
7763
5492
2280
2207
5353
4433
8396
5432
9616
8802
2011
8927
9621
576
8922
5775
3736
5848
5346
9976
2236
5627
975
7120
8937
2950
5692
6266
5330
315
4388
9201
7745
7311
8612
100
9977
937
1023
1884
2248
7520
2879
4386
7536
6951
6800
7959
9552
2985
8105
2051
4835
9458
3524
6763
2965
5622
7227
1629
6000
3637
1220
2392
5196
7951
7784
1177
5964
7890
6916
6807
8147
9359
621
4443
8481
881
3575
2756
6770
6377
9603
2518
3527
945
898
6408
1793
8977
9896
5467
884
1587
5296
2240
9144
3443
461
9201
3092
1999
5667
9442
6368
6575
2825
3799
9311
4556
2548
3382
4483
1138
4317
3896
575
5698
8324
5974
8320
2873
3338
6298
7119
1693
7962
3344
8759
9503
9435
3738
3390
984
1063
697
3941
4494
841
7733
9117
3710
6998
4779
8114
7045
5292
556
2237
9460
9835
9952
1759
9437
7643
1138
1732
514
4281
6728
1317
686
1371
2896
150
5623
8812
7333
686
8919
4524
5007
4909
8131
7387
3847
5137
7899
3843
2093
7325
6482
4137
5370
8706
1451
5314
9448
994
5456
9749
745
6933
8315
9738
5373
6202
6107
7491
9803
9074
9359
5268
6997
1557
762
1698
536
1922
7191
7126
414
4333
1942
8980
5274
6548
8471
390
8287
3748
7517
2711
7025
4706
4253
7009
6298
8421
9783
6689
4985
3344
539
9943
8136
4914
2107
8977
6572
8274
9143
9460
6616
5751
3602
2405
1035
6463
7388
8553
2996
2096
2463
6545
16
256
8362
7256
8911
4954
9227
9335
3327
8717
2350
9774
6344
579
1405
3319
761
9029
3267
9651
3438
3998
8648
7814
1796
2291
2570
7114
8769
8165
7653
8733
8367
7526
3044
103
791
7683
6441
2785
1176
6763
322
6275
6605
418
4898
5605
1673
9601
3902
7064
3180
206
3709
5967
3519
2642
2779
3422
6830
5039
5820
9415
464
7820
5630
279
9928
4348
5465
2966
526
261
9659
2602
6868
9673
49
2637
2386
6724
9813
2070
3013
4931
6775
979
6034
8140
5383
8558
1734
4169
742
9881
9876
1492
5841
9102
4112
4155
1737
1709
9203
1412
4412
4953
8671
738
5769
7194
6118
5411
2553
4742
9991
4729
5976
4922
1354
7689
7190
4979
4599
71
61
2572
2010
8692
8622
887
8938
7290
9136
436
8093
7764
3244
6462
8021
2616
9143
2134
7659
2136
9295
7063
7249
9289
6246
1176
2867
4469
7166
3408
8387
9501
5478
192
2990
8271
3295
4701
5835
3339
8956
0
7238
1625
1537
7894
6255
4655
1950
4631
2364
2569
1679
6836
6449
7872
8645
5240
5365
5921
8086
6205
7198
222
9983
373
9420
8338
9625
4609
224
1524
8215
6846
1025
5089
4969
1386
1590
3306
6888
3319
3440
2786
420
6332
185
5653
9620
5234
4807
5388
8432
4585
9837
5109
8168
5747
2334
4629
8230
3429
2771
7518
4332
2702
4783
4362
752
5388
6243
792
5773
1963
1333
9480
3477
6444
2000
2836
5660
7108
956
1155
2172
7074
1776
9784
2018
1777
4545
7606
5113
2066
7731
193
7213
5762
9982
2698
4706
6794
2933
7457
7461
2799
7325
6060
8979
2254
2190
3255
9146
4636
8806
765
7379
116
1200
2374
710
2516
3154
1194
1918
5012
1916
9393
3230
5362
5155
7086
1774
4594
1690
8292
6076
2303
9718
7276
7875
8229
6171
5751
4751
2360
9532
7466
1805
5075
8763
6507
8069
9035
8346
3026
3381
7514
5529
9207
8462
3734
3796
9198
6954
9052
6475
5919
7113
6285
6696
8769
1494
2540
3567
4772
989
838
7716
7624
7474
639
617
294
1354
7331
2953
6143
8148
7066
6798
4808
9046
3927
6124
1962
4954
7809
9442
767
7839
6127
3421
3435
2883
4968
3864
1605
2993
713
9558
6594
1589
6242
8720
3059
2660
5380
6910
2259
352
1820
8933
6941
8143
9682
5698
1663
2863
4705
9567
2906
8882
1753
9268
8515
4432
7064
7174
8134
7027
1534
4032
1756
509
7699
1012
3241
3191
431
7963
6008
2018
8975
2236
2059
8116
6757
5971
7337
2974
9979
6466
1801
7344
6557
3150
5687
763
1810
3750
838
59
9063
2997
4256
1951
4657
9142
2049
3987
9062
5146
6189
7605
0
5827
236
3847
2755
7375
1498
1870
8675
2364
3236
9630
834
6781
7173
9844
202
3608
6815
358
446
1666
3995
4296
3532
6550
4963
4215
9407
4777
6403
1494
9820
7455
3803
1715
6280
937
5220
6533
5271
227
8792
9223
1258
5599
4604
1732
7760
7164
4132
3901
6349
4058
6861
6646
9189
7541
1710
7768
1361
1302
4869
3466
3077
2401
3509
5397
2085
5806
6437
5883
5435
180
453
6106
2800
2100
3491
5572
1965
5629
7098
2886
1475
770
5010
215
2458
4199
8204
9334
8566
3762
7268
2496
1171
739
9392
8009
219
8372
843
9760
224
3596
5993
1467
7162
4022
7031
5054
433
8833
2395
8562
3585
868
2515
1764
7495
7352
8148
3674
664
7786
6012
9876
5941
3627
185
7665
5103
5316
9143
7735
2253
8444
4790
4444
4354
1217
9846
7712
1264
9287
9704
4229
8055
4616
5340
6843
2440
1073
8365
9326
4602
9049
8735
6816
9374
1179
9024
4922
398
7228
7978
4701
2177
5985
6660
1490
6922
7094
8365
8269
7912
8623
8990
3980
307
3264
4269
1775
3236
6657
2617
4570
1525
4431
386
6399
5241
3911
4627
4398
8668
1274
9723
5357
4047
1669
2709
6777
4514
8390
8400
6426
4885
468
5519
76
906
5667
7251
8757
7230
1170
5516
6913
9603
3616
7079
3150
9221
5030
3918
6560
2849
7540
3683
3941
4018
8816
5911
7529
9604
7747
3148
7717
6010
6695
4610
9583
9529
3939
9276
8945
16
405
3787
6009
8191
6781
1262
7543
3570
9032
8188
4908
2580
4508
2872
7956
196
5402
5295
5283
6255
7245
6507
5135
6538
8212
3908
4543
6651
896
4669
6063
3823
3093
2828
7177
5367
462
2472
594
8152
677
2021
1820
1181
1136
5666
9398
455
4965
5812
8073
9081
333
565
4280
8412
6889
9353
8230
2007
2130
2416
7704
1717
691
1431
6965
7093
2792
291
651
5533
4964
9589
9384
6317
7881
1558
6028
2434
4303
8107
9521
5373
5323
7243
4965
491
2393
8270
4253
5138
9172
7641
420
7502
9859
7405
6840
869
1573
8591
3682
898
4883
2623
8700
3110
3164
806
6106
8064
1679
5315
1276
8739
941
4610
4267
6743
3588
8446
7601
6084
5172
3449
5184
1890
5385
1802
6103
311
4547
1771
5069
5833
1322
7861
4183
5954
7438
4074
6761
2285
4006
1768
6433
8904
5857
3491
8061
7764
4317
914
1977
8567
3294
7691
4908
9684
1431
4494
1794
6594
2254
7599
2042
8621
8355
8563
7694
1060
7303
7418
4410
8027
7619
8185
5829
976
548
6158
5842
2065
9152
4768
7273
2313
1997
3095
270
9321
2434
6488
8686
9202
7697
8529
8867
6626
7338
7217
9497
1158
8234
9583
571
2742
2656
8404
8182
5120
8213
1086
8648
1630
6317
3942
2113
3977
121
4737
9601
5021
6767
6214
2693
6244
4886
2064
4668
3967
4191
865
8231
5946
1183
7314
4978
3554
2195
5231
735
8553
6542
1835
3183
7541
912
8880
8041
2846
6180
7210
3098
1550
8102
859
7972
1170
1168
9695
5158
7970
5716
4292
6208
9830
5794
9210
1893
9150
1590
2111
4567
6434
6578
6574
2453
7295
4181
9623
8793
115
2493
1806
714
6133
8724
5624
2052
58
4985
543
149
9831
7372
9401
1109
8491
7252
5459
9710
8442
6891
7043
1600
6340
172
6927
7838
6187
7912
1347
9775
6150
3914
9423
1497
6802
5964
1166
1770
3580
7371
8174
4868
6102
6366
9010
4868
9553
9960
189
2782
7625
7273
1094
532
7889
6119
7745
5000
102
8802
2748
9070
7094
8160
3217
4845
1605
1889
6125
4490
9181
8919
7970
6484
3119
8414
5255
9603
6115
7569
2954
673
6386
4411
5702
2926
6562
7392
1728
1180
3859
5657
9645
8851
6200
2336
551
6216
9941
1766
2656
3931
2289
7003
3644
6919
3463
9179
9532
4323
3243
1490
2624
6235
1403
939
85
168
4728
1760
4576
9654
7464
3996
1456
2509
7732
2950
9348
6970
9416
3614
2227
6455
1586
2789
7057
5359
1698
2420
7649
7976
7457
1253
7637
3657
3008
4192
2444
2086
4628
9769
3702
3731
1138
400
2720
8411
6683
6540
106
5165
1062
2652
6651
9346
9069
3720
3596
999
8691
4045
788
9944
263
9457
8947
8350
1047
168
1683
4514
3025
8795
9955
550
9709
8632
8793
8556
8401
132
5529
9667
6446
6670
2941
7517
1421
5236
4479
1882
5710
6915
9487
5632
5819
6091
2032
8056
4365
6055
7165
2361
5410
7321
993
4331
9130
9228
2140
9634
1852
647
5515
1039
6779
5543
7953
2686
975
3898
8364
1836
7956
2445
9111
2500
7916
7970
5000
2105
1620
8682
4369
2103
7572
6318
8059
2171
7822
1720
6733
3341
6460
7073
805
9644
1450
9472
6894
9210
7553
8925
4231
8594
9273
8721
3285
7973
5644
5070
3891
9704
3182
5587
6409
2893
1705
9714
453
7031
6987
9609
8776
8135
4212
688
2344
3849
5248
3989
3937
1105
8127
8376
5818
4244
3455
4764
100
8982
207
2529
3241
2712
7190
9099
4364
6446
3284
3072
4692
4841
951
1582
5478
2401
7545
9943
8551
8585
121
7760
5779
7771
4345
5370
5271
2201
2187
7564
5596
4551
2304
1566
9406
7966
3627
1760
7495
4610
1866
5621
8363
9029
3301
4869
859
3662
1749
1278
9906
1766
3331
7351
8393
1712
9599
7256
3569
5401
3927
8978
4121
9106
9260
3426
1542
2040
8801
7931
6445
120
5985
6605
1554
2675
25
1953
9079
1028
9490
8319
4130
4461
6696
7097
6072
7545
4007
9981
6079
8509
4541
9992
5142
7260
84
4746
674
1389
4328
4166
29
9820
8651
8879
7520
2820
824
5834
9736
138
4337
9894
534
6619
9458
2946
239
1484
9323
9816
9882
5815
5364
2344
2920
8806
5668
9850
4809
8444
5102
9041
9463
7239
8903
4539
1743
759
7258
4139
8942
5089
5479
681
2295
9165
9940
6286
8761
1981
9378
814
9120
886
9096
4192
5722
3368
7795
4442
1424
9151
7372
7587
7112
3687
69
7462
4351
3511
1693
9584
1186
9657
4905
7060
7075
3604
6259
5557
5841
4867
8771
363
7992
3923
2087
5583
7045
5934
4276
2334
6194
5909
4488
9371
3249
2501
6344
2490
5703
5640
8672
54
5171
6644
9139
9800
8010
454
8286
6115
4411
3529
1738
2804
809
8921
5116
440
1850
1140
6898
6599
7528
1650
3462
8586
7362
3483
6178
4129
8991
2024
1376
8560
1583
4816
1036
5656
4686
3799
9507
7000
323
1604
2286
6689
1252
5827
9425
5243
327
8306
1690
7973
2673
7282
5822
1856
9497
6566
9649
1652
5036
6684
5797
5820
9640
2675
1195
611
7818
7833
9109
5811
6285
3107
6652
6829
3227
2484
6396
7152
5740
9016
2898
7378
3532
47
4858
8280
9439
1863
8895
3332
706
5090
8356
2342
7048
4883
9788
3852
5925
158
6402
111
8185
4660
5832
4731
1059
2003
4972
3726
5865
4086
2436
533
5550
1106
5775
7934
8791
1995
4521
5217
3527
8107
9082
7212
3965
9262
9157
4012
8845
9591
8099
9858
5800
3389
4185
5632
8187
7577
1340
2529
9331
9279
663
575
9913
5003
924
2798
7727
7290
8985
518
8727
6733
478
8350
1514
5182
9447
8047
4794
9714
6914
827
5097
452
8821
3209
748
7075
1682
1656
2027
8868
6259
653
8395
7990
2229
6793
5144
6039
9428
374
3621
7967
337
5806
9217
1527
252
2121
7029
1006
8901
6902
4306
3104
4388
1473
9997
5001
8487
4589
5076
908
8821
9006
6189
4578
2486
1905
5479
936
2427
431
2830
7696
259
3642
900
318
1765
564
1465
6486
971
4556
891
2702
6781
6586
7808
2245
5313
6113
7359
3831
7090
9863
9350
9545
8126
2058
6585
2546
1205
1015
4367
4323
2219
5123
7978
4358
5953
1455
3639
941
5922
2129
4929
4610
4211
7730
5702
1371
8595
3611
8366
1060
9272
6785
8829
6178
5808
4509
6432
6927
923
9074
2574
2840
3439
3559
786
9922
1964
5398
3509
9563
9034
3091
1033
3976
6341
6371
2160
4380
1711
1681
8044
7465
558
8167
8991
9473
6343
8288
7291
1767
3801
3711
2152
164
2196
3306
1774
7582
1063
8207
7193
8948
3191
8048
113
4967
6279
5262
6301
2456
4355
5842
3144
4341
1115
270
4034
1678
1087
5967
9062
8051
7308
6794
98
3357
2852
6775
4604
5117
3758
9067
4991
1722
8646
8976
9021
1984
944
3654
3187
2417
1564
1439
2097
5657
7423
3693
3712
3522
4755
6412
4946
6745
7622
8570
2992
4738
1545
4805
6983
7317
3138
9544
971
3687
9439
8092
5843
8219
5866
2083
7885
389
9141
6114
5241
9833
816
7967
7139
2920
3095
8045
5973
6182
3108
7951
9820
5063
5005
323
8148
1947
2144
1416
6916
1895
2108
8235
8143
8779
1713
85
4204
3760
8842
1963
140
1770
7736
9929
6753
7011
4052
4827
9883
7583
2018
6177
5296
4581
3906
2090
2169
2914
7343
1968
3201
8388
3143
9578
8930
7246
8014
5738
5809
1169
8471
6237
8638
5720
9632
2770
4179
7186
2833
4462
5506
1893
5855
7035
2873
8682
8925
6183
9286
907
1694
710
2993
3537
2999
5901
7122
4228
5657
4706
1294
7666
9355
6777
1105
8806
2494
6584
5482
2007
9839
3375
9537
5885
3944
6695
8237
7847
3751
9766
9334
1840
3006
5343
6375
2810
8956
4675
9681
7014
9114
8907
6558
6487
3624
1171
9105
8764
9194
4008
3010
7814
2932
1207
8096
7755
9991
3149
5096
4556
3798
3708
5214
2405
1946
1225
5216
8859
1040
9112
218
6512
9511
660
9857
3741
7841
9742
8155
3153
2232
5316
6402
816
732
6368
9526
4985
5629
4595
2476
8481
1430
8463
7988
6686
7326
4370
8219
9736
4367
9037
30
7671
8905
8128
9344
2376
1297
2156
8994
2001
6026
8349
5801
6764
81
8808
8046
6938
7885
5672
3488
1324
81
4781
4756
6713
8740
9944
2549
4596
2100
3856
314
191
8098
3569
4289
5053
9594
7090
4258
3330
8098
7142
297
1917
6772
4166
7973
9790
3412
1303
2149
785
9535
2112
4164
8048
7819
9698
5792
1565
1033
968
5808
5613
8102
5128
1535
3092
4203
1174
3335
146
1959
5728
1158
281
5230
1477
374
7505
8719
2163
4732
1243
5523
5130
2700
6750
125
738
1267
4212
3659
1966
4898
8898
2156
7795
8076
7597
8416
2200
5836
5029
8745
2085
7586
312
6993
6178
4812
7621
6883
4121
3711
7917
2037
2267
1769
9923
2258
9656
6982
1030
4646
3603
209
4052
6345
6289
7259
3570
1573
6111
4378
640
3474
7399
4778
2487
9418
4694
4159
8756
754
8233
531
4344
9907
769
7961
8003
3034
9268
4941
7217
6647
8734
2802
3263
3834
6094
9543
3282
7377
2770
7217
4264
8084
8082
9477
2182
6720
1246
5406
5303
6763
119
7234
3587
466
3777
9473
7828
7791
3756
6017
1558
1801
8579
8792
7016
9958
7006
3585
5253
6767
998
5794
9403
2534
8327
200
3315
37
5606
3366
3601
8821
8123
2936
1567
745
7561
5894
8181
7881
9074
2154
4480
7025
9425
4479
6893
3200
5908
4048
8783
5083
7922
3481
2007
8756
9675
5947
7940
285
2178
6721
9328
1302
6441
3864
3739
6939
2893
1199
3045
5073
5930
7811
9408
9415
5653
6933
722
6731
8156
4683
6314
7582
1642
4689
6408
1853
3040
6209
1526
5960
748
6599
4682
8363
2648
676
4056
8765
1720
6475
107
1252
958
9002
5977
7272
9799
9305
2612
9062
7521
5503
3608
9774
4683
314
6164
1803
8221
4011
4328
3301
1552
5012
5962
6187
9500
5018
4639
3433
1181
8313
7940
1774
4367
3839
7533
5249
1341
758
3151
8131
9641
2737
4896
1067
7094
2016
883
9594
3166
7588
9443
1796
3123
6544
5336
6046
4664
7518
2386
1512
9731
6952
4446
3268
3347
432
699
8161
2503
3786
4095
9825
3791
5373
6084
6713
1750
7719
4097
4888
5705
6909
699
138
8597
5488
5421
5321
5020
18
8600
5533
8439
7837
6976
2781
7076
7382
1772
3340
2562
5656
6074
7493
7
8948
9628
4340
9449
7369
6923
6141
7863
190
5603
4207
4901
4525
6988
4824
1228
5938
2528
1460
4317
6398
7149
5401
7096
5486
5577
2933
2812
3611
166
5317
3501
840
7841
4181
9535
6172
7076
9505
1150
658
2573
4057
4222
5777
6926
4440
7967
1008
4162
4463
7305
3033
3033
810
9675
7997
9538
6727
1684
9804
2361
1568
9344
1758
1091
3254
1764
1770
3611
8415
7663
3597
2463
1994
5717
5068
8557
8607
2653
4836
2237
4771
2693
5638
1292
5020
5012
4027
628
4743
5663
1031
7747
9885
4830
108
7044
8231
2896
5015
7537
3599
3420
9771
9019
8118
5922
4598
6793
7826
328
4554
3170
5197
2529
2903
7244
1609
9288
9041
3025
8690
4832
6081
4791
4044
4869
7172
4893
6663
5333
4950
7771
6568
4017
525
2261
6494
693
3251
5749
3822
7384
6389
4440
1080
1981
3347
7607
9030
6010
9852
6627
6304
9621
3799
2380
17
8867
3725
1554
3674
7481
7923
3711
7258
7895
3962
4222
907
4069
4513
8409
5625
3330
6876
5182
7496
4124
6554
2284
721
5383
9260
2578
8237
1282
3072
8698
9869
2631
2917
9899
2353
3828
6878
8411
9186
9352
7442
6353
8088
8072
3790
8427
2833
9336
5838
5054
5600
3645
5733
4200
9021
6325
7386
8167
9191
5784
5022
1268
1631
8821
2280
2573
1047
4442
658
1652
8949
5342
604
4554
5227
1928
1488
7868
9728
3557
620
8950
1024
3454
4827
8646
1002
9610
7335
7174
1569
2594
5648
4649
3224
3213
6149
5034
4711
9985
5034
2530
3697
3947
7678
9147
9811
6908
167
9988
467
3100
109
6207
9510
202
3768
7195
3196
2332
6830
9233
7736
3828
1686
5400
104
8288
9414
7291
5221
7753
4235
9445
1725
8785
1490
9900
8920
5078
5627
1709
9172
3109
413
1747
565
572
3210
1852
317
1448
7976
2870
1693
980
2405
6508
1413
8864
9425
9615
1393
5553
6894
8376
5466
708
5734
8965
8500
6182
7588
2226
4125
9047
2114
6690
2639
255
9521
2876
6298
9546
3670
8468
1471
3806
8642
4821
4305
2564
6792
3390
4649
5108
6551
4299
1684
2697
6517
6706
3218
3052
7174
3099
4164
4186
3384
4092
4632
9434
8460
173
5767
6322
3693
9738
1628
5368
7746
3321
2722
4477
8475
5132
9218
1704
3809
9606
521
5901
9088
2082
9595
741
8333
2605
8977
5754
6833
8473
9386
8645
5491
4263
4221
1176
2591
9813
6534
3844
1362
4293
2411
9039
8566
4152
981
419
8880
8541
2633
5327
3017
3806
6150
6929
6632
5006
7832
4385
1157
6486
4766
6757
5475
8669
6850
4144
2552
9357
389
1248
8266
8217
6142
7501
6476
5351
2568
5056
8072
8295
629
9161
5050
1832
3261
7750
3061
6350
8814
1276
7731
3861
5521
6746
814
2308
8376
3553
6216
3199
9525
9230
251
8408
3408
2394
2711
8590
8179
6682
8928
9644
8132
6789
7906
7615
2712
5452
9091
3044
8439
543
5015
2385
9523
7089
897
5553
5536
1754
6094
9159
3289
4264
3175
6897
2775
4905
2477
312
4135
8817
8352
1153
4331
7880
2117
7329
6489
41
3558
7459
4624
5196
6152
2992
4486
504
2842
5918
4101
150
9890
53
7248
3867
4511
1506
4849
7369
9736
6728
6893
9634
916
4413
8346
8018
204
2489
6681
5656
5597
5670
6429
3905
4781
4785
9253
2262
5872
1098
2998
125
5811
5910
801
4394
9702
2468
2594
600
4431
3932
5157
8663
2667
6787
7464
4484
2837
1151
7651
8277
214
3654
7995
8261
7381
4423
9487
5536
3385
3345
4922
7209
7039
1870
6503
8603
7253
4838
4103
5481
6486
916
7336
8753
1845
7240
980
2748
6696
6417
3664
2027
8512
2557
4406
2537
6689
9809
1955
1702
970
3367
8371
939
1741
9911
4030
5570
5662
180
6659
8239
6612
6206
3869
6122
2096
5494
6314
5561
8464
7063
2301
7796
4123
4391
7466
8677
9961
5038
9759
8778
8564
503
3517
1222
2571
7851
3213
6915
6800
3206
8667
7728
9531
9675
2818
1414
3685
2473
9902
1714
8643
6206
7973
3276
5479
7787
4631
7255
5937
8262
6067
1630
1918
826
6977
512
7299
9884
4209
871
6063
2350
927
4698
3233
8643
8223
1580
6383
8469
6879
8035
4823
8433
3928
7055
7540
4087
2280
9665
6261
4037
5897
5472
1699
2753
6929
9319
1663
6159
1722
6228
4469
8240
9771
5974
5639
1343
617
3502
7987
4725
4606
4700
9886
417
4240
9500
9601
9393
6862
6948
1850
2527
3065
4167
3301
7297
2550
6168
4762
7337
1975
7419
6876
4527
7587
605
3612
7481
4861
1906
6308
2539
3960
1720
3904
100
2030
3052
4717
1716
5566
4744
6923
4214
9612
9492
539
444
1126
7473
3115
6694
5206
8196
5384
7224
5572
2716
4846
3213
7161
2586
5032
7117
4595
313
1624
3526
3831
7251
3690
5281
3813
8646
3163
9464
7110
6175
6783
8315
6498
7319
4223
5193
1927
5466
9678
9480
8910
7404
3921
6488
5698
5412
4750
8981
3595
488
7467
7037
7112
7057
6971
3715
1095
4493
5788
2226
6698
855
5575
2895
738
2021
6569
6335
9606
6561
7603
8499
7158
9391
3147
4627
8116
8997
8592
1918
2754
5773
1323
3924
541
7690
3907
5927
1132
4346
107
6904
7993
9508
6274
1681
512
6156
6717
6785
9455
6779
2615
9734
4517
176
2241
38
8370
9294
9284
8944
910
9994
340
9319
9175
2368
4482
9630
2090
8643
1610
1162
7910
1093
2598
7120
1111
6976
8380
6319
8679
7282
5579
204
7618
7221
6546
8159
717
2550
1401
2095
5749
2862
8221
6227
3187
1921
2869
1305
3869
2604
8652
3376
22
2919
2376
4941
7836
2234
4909
8850
8396
3641
376
504
3041
6069
9496
2179
6809
2906
3617
1127
2763
3629
6193
4778
9178
8233
9584
858
1620
4345
9283
5145
9063
3297
3825
8166
3735
4992
8381
2723
7891
8840
7829
7880
8431
5242
2776
243
13
8637
8970
1603
4084
5338
9134
9404
5136
7810
821
3334
2404
7672
2380
9906
5822
2829
4985
7695
955
4268
1341
3332
5542
4805
2968
9935
2225
7570
6343
981
977
6939
290
5908
9355
776
3499
9244
2763
8695
4731
8782
3499
3550
4826
4161
7173
3033
6768
8803
9854
1726
4286
4562
136
1075
7489
1539
1376
6989
7264
1363
6238
3525
6593
8028
4761
6890
5902
1113
4329
6357
6827
2672
1046
5727
2040
6373
1267
7342
5022
3434
2703
5171
3147
2888
5686
4933
798
566
9594
5361
7324
2160
8484
3502
1489
4150
7760
7574
6157
3576
1842
1870
6155
6396
5520
1693
4111
5950
1912
2063
3865
4095
5443
3865
8554
9557
6720
1788
5227
8343
7666
643
2575
5262
6761
4403
1457
3884
6393
4684
6135
4083
5585
6895
9743
9231
3736
5913
2763
4325
1232
2148
7456
3364
9134
9658
2454
8385
1885
3801
3440
6710
5538
9997
958
8098
7221
9874
8647
5453
615
5228
6712
8731
2619
1044
4672
7786
53
318
9228
4466
3483
854
552
5833
9141
1832
3056
4871
9979
3845
2022
1669
5505
9692
6881
8708
7982
3737
384
9182
8688
8942
7894
54
8603
3826
7991
9214
192
9865
1350
766
5189
3845
5517
6631
3083
1236
9185
1598
8551
9683
4822
3635
6858
6351
6230
5399
9874
764
7635
4062
6149
9434
9049
6674
4354
7705
4326
4278
1672
5560
9471
7551
3448
8728
1859
5055
8446
1648
3786
7573
3438
2970
9426
8879
6217
6852
2215
2664
6047
2408
1631
2692
4851
5453
9410
3360
7185
1975
3449
4164
3130
3813
8871
5153
4548
399
5159
3670
5932
788
8672
5709
3893
1551
8763
7675
4729
567
5125
3697
1832
5977
3253
5855
4509
5388
8951
272
9610
6104
5668
8546
2784
5995
841
7944
3516
7277
2514
4159
1106
3778
5074
2616
3095
4151
9462
8202
3339
390
1534
3040
9359
9152
8900
6655
7802
3414
8349
4026
4557
9236
305
9542
3686
722
1725
2189
1915
1269
2652
2239
2621
4738
8854
8205
6883
6701
12
9605
8063
2112
4668
192
7833
114
6234
2607
1650
9526
9536
9800
4653
7509
3957
35
7669
9998
5868
2630
1243
8144
3300
3453
755
117
3888
2635
2414
458
7715
409
4239
9230
1730
3429
8798
7255
3529
8946
9245
8936
9655
8233
8965
1487
3648
778
5865
3724
8548
3670
3023
1110
3740
6377
7810
2847
908
6246
743
4302
1235
4764
3123
2738
5058
2438
5986
5743
8220
826
5338
5307
4687
5753
9340
6425
7310
3942
2983
1666
5435
705
8745
5684
6898
7767
8036
6183
7595
2053
7806
9315
7545
2607
4939
4995
7025
9328
5978
7738
2615
8816
2066
8530
8497
5664
376
7703
8230
9366
8731
1670
4423
9337
6290
373
4870
3731
6291
634
9363
8855
8913
4876
6188
1789
4591
3841
44
2379
5433
6872
6943
8631
570
8542
9951
2663
7083
7138
4286
653
45
5385
5938
1691
6455
7183
2578
9506
5772
1045
9045
1206
4697
9217
9333
3281
6354
4312
2728
5241
8454
2123
2538
481
8407
8537
7702
3262
5801
3075
7061
4903
2691
1104
3156
1723
5242
4482
2065
2645
6702
9591
226
9973
3396
3053
8106
4581
9643
8105
7148
641
629
2620
6293
6362
2387
8785
4263
9395
1156
1321
7210
8834
4853
5922
2115
5711
2029
749
7122
6451
2503
2997
8205
407
6228
4046
4113
1239
2896
4187
3730
5937
8102
7475
8879
1137
6575
8476
9078
3001
3812
544
8236
3786
8557
3854
5181
4720
4513
5792
837
7715
2673
1872
8797
9226
972
3136
8241
1131
9679
9662
9473
3115
902
4039
6840
8094
7649
6189
9310
397
1165
3292
5746
1208
8999
424
2854
922
9896
3554
9477
6931
1308
9718
7998
6116
4093
1264
6618
9280
8482
2206
4885
882
9463
1035
4847
6932
9539
4100
9099
8027
4113
2635
6351
4859
8347
288
934
7739
2010
9338
3182
2560
7592
4616
6170
9822
3914
6663
5667
237
9132
651
4769
7241
7615
4460
1243
6936
6607
1631
9873
6465
5579
2378
5520
5495
5044
323
6514
1647
9146
6721
8078
9692
4375
2351
3046
75
6740
4619
686
7879
500
7634
1506
6600
7284
2741
8459
2081
3502
6849
782
4502
6838
8309
4958
1460
6588
727
3811
8761
3098
6815
4411
6706
90
685
1625
2935
133
4031
4601
4116
9095
5601
9853
9886
1853
9288
7773
7083
7984
1031
3208
513
489
9104
6213
5947
6410
5136
2112
4569
5456
8714
8048
5515
2705
5809
7120
1567
4090
6424
8351
1651
9846
5005
8826
4406
8401
8084
1450
6144
9738
4828
4759
3409
3325
9631
9460
850
8069
3604
4295
7667
6149
7877
6686
2242
2713
2580
6313
5480
8619
1651
1002
553
115
1395
3341
2915
7138
4656
4178
4572
8958
384
8231
935
6027
7763
4635
7940
3437
7625
8172
6763
4386
564
6898
5606
5186
2596
6349
431
7046
7345
5277
4992
9169
6642
8391
8470
8301
4171
5476
7806
5437
6583
4406
9633
5432
3846
9687
3337
5838
4152
1118
4178
3483
99
1481
1918
4636
5215
8428
4603
186
6510
8683
8215
2560
9718
6351
5311
7541
1038
1634
8805
1878
6112
9089
3198
7650
9997
393
3970
6619
7368
47
3196
6034
1149
1830
4730
9710
8729
9366
665
6008
8427
5112
8530
4746
8405
7087
280
3269
830
902
4427
2177
6060
5501
1172
8161
4403
5079
130
5415
4524
7954
6533
1519
9762
5640
2117
6891
5968
112
3573
6336
4862
4244
4558
9548
2603
2470
4317
1627
2588
7846
1668
7211
9629
5074
343
412
8373
3832
5643
5748
4444
997
33
3921
4516
2781
8644
8945
4263
8651
7047
3583
4966
5195
5282
3895
2435
8741
2219
4506
4574
8510
3026
1996
8761
480
6910
8302
6371
2539
8600
5058
9753
1134
7552
6861
1550
9361
478
761
7139
9742
4416
4295
716
9920
723
660
2166
3832
4082
6469
8237
8795
2192
9291
5474
8118
2407
7187
6937
6487
4138
959
951
6623
3994
8384
4984
135
1892
2828
9464
2811
7244
7247
2189
9343
3724
4836
3954
2946
3007
6379
5202
5564
7553
3407
8901
8481
8585
2714
8321
8569
7007
1039
3923
1440
1964
2620
9209
2304
4466
365
5733
5984
1415
3464
8117
5804
5928
3516
8193
1627
8095
8380
9002
2023
8350
940
6270
1096
3578
9841
4218
5856
8451
6736
9433
4008
5354
311
7550
5174
7003
6768
1476
5460
7436
1284
65
7726
4334
611
5515
328
143
2270
6142
9203
5632
4043
8635
5713
6399
5248
5820
4663
7020
2017
7460
9045
8795
3709
3302
2249
835
4069
7441
5919
5249
7717
6843
7018
5103
5150
2469
1749
4261
7752
8139
9439
5854
1723
2436
8605
381
5367
7586
8059
7103
294
2379
9365
5692
7411
9674
2597
8884
4995
4335
4463
3473
4286
9708
1841
6565
8957
7965
5091
2384
1752
3745
7749
1770
4213
9519
3711
5832
13
8847
8744
2056
291
4131
7781
9844
4155
4137
5174
3061
5340
9870
2767
8916
6667
59
1800
8547
2986
8408
8586
6836
5997
3238
5214
5547
5884
2069
8095
581
8023
3090
2517
6620
2704
9279
6330
5318
4137
2876
4849
6365
650
9073
6355
5052
3470
8253
3837
5548
279
6909
9600
8908
2470
470
6354
123
8161
2204
3517
476
1569
8334
8477
8219
5492
6559
7467
590
7874
5985
8621
3672
5970
9428
337
1826
2752
5990
2510
8668
6455
9504
7064
2320
75
995
9820
5891
8594
6082
6541
1483
1629
4974
1177
7773
7114
4559
2252
4203
4247
1422
4617
7764
8425
3964
7172
5705
4355
3985
2491
1108
70
3676
2741
5497
3116
2798
5557
3151
7917
9471
2790
9476
4105
7564
9920
5418
9100
9332
4295
6196
7684
5028
5852
6184
706
5580
935
7087
1649
3002
1103
3455
4890
3790
1734
6435
6938
8417
691
6595
4655
7905
4486
7496
5600
375
9633
9
1782
2715
7901
9770
5046
8401
4361
9212
7833
5059
964
6701
5897
5228
7083
976
5312
5493
7167
7150
2886
3088
5818
1769
2320
8037
6997
2245
6170
8485
5011
1475
6626
315
7043
593
7195
1443
3488
601
6767
6660
3117
6067
4279
1977
8201
5690
8953
7717
256
9699
2739
3933
336
459
5835
9097
4521
3880
467
1132
5455
5547
1115
2736
1950
7523
4943
3685
1695
8428
722
2277
1766
8364
4804
235
8663
3452
6044
8703
6503
5470
8715
6232
8796
243
8936
659
9271
7951
560
1657
1550
2608
1116
7065
7168
5430
1958
3459
733
782
5348
3166
7368
7046
1151
4848
285
789
5414
74
2828
6232
5993
2969
7258
5576
8477
7032
9237
7069
7582
3206
5849
295
495
1719
5091
9959
8645
4229
3089
936
93
3905
3554
6911
7517
7395
3905
1943
7545
3325
2587
4330
9934
3542
8552
3790
9784
2895
8084
5681
8372
3820
9430
9400
1819
9054
3746
3837
5300
407
9587
7754
25
2166
8825
2412
3465
993
2595
3101
5680
6088
7726
8951
1136
9817
3912
438
6426
3241
3295
1066
6881
1976
988
9268
1798
5413
3786
818
3003
8979
5561
4059
7938
3746
968
4453
3386
7435
9925
9839
3601
1909
5536
4047
7180
3898
5049
1921
9592
5899
5172
997
5012
9589
4240
809
127
8357
4087
1913
4964
3621
6230
7960
6039
3629
3455
5113
5008
4748
693
1787
6116
2604
546
2030
8106
5272
4818
6864
2070
2696
3845
2036
7782
6018
4628
8527
302
2003
5313
8804
23
3129
8671
6718
4494
9238
3377
9680
5710
2089
8255
3845
453
7108
8159
8174
3490
300
885
76
21
4571
2394
7827
3461
1212
7987
6227
6130
8840
9595
2300
9965
107
9812
3382
4783
7078
6503
5537
4875
2693
8976
6135
8039
8523
8149
4494
8841
1524
2591
4164
558
4329
3596
1229
9573
4094
9311
1666
7304
720
2502
3094
3434
5925
2635
6612
3778
1453
5867
2508
8323
6473
7432
9477
584
1182
5023
674
3514
6378
5018
5889
6663
777
9688
3180
4524
7790
7895
5065
791
3290
3087
1026
1808
8801
1395
5582
3971
7466
7890
612
4910
7335
2054
822
3953
2760
7845
1332
3546
5837
3364
6244
1467
9769
67
9362
2482
709
1718
8558
5179
8517
3522
7679
7381
1515
2024
9129
8620
4689
6362
3703
9810
2586
906
7775
4531
8231
6199
5906
5491
9427
3046
2043
5458
8926
3461
7064
6208
3564
2487
2864
810
1925
7123
6079
3761
1958
344
6076
4761
4695
6256
4709
5874
3645
2956
5383
7042
1727
9945
9432
224
3788
8200
1020
3197
372
7888
328
7533
5598
8374
7917
2499
1547
4099
4863
1291
3089
9973
8781
362
8724
4827
6748
1712
4303
6964
5189
6338
4819
6917
2154
6063
7634
1766
831
2021
989
9707
4559
4400
9441
366
3245
8926
5738
1257
5364
9600
1509
6050
8133
5994
1862
6278
3798
3398
5293
4133
962
650
8970
2932
8060
1999
288
7559
204
8521
5217
6223
6674
2356
9469
6097
6259
6098
7695
6484
3852
5514
2574
137
8307
6971
6274
4548
6405
5646
3751
411
9549
1825
7471
5140
8130
3248
7981
2867
5959
6076
5870
2170
9660
8133
8598
1905
2351
3843
1935
5190
8149
3477
172
5286
9462
9792
357
3976
5057
3536
129
9063
5479
6167
4350
634
9343
9932
5795
9987
1422
8555
4949
8304
1433
3177
1170
5495
6671
5389
3384
6819
6250
6970
501
786
3766
105
3839
4206
3834
1604
7647
6122
63
2965
135
2955
9634
5518
6798
7689
4757
9998
9558
9523
7210
2813
9728
4095
2159
3848
408
5986
9749
7104
392
692
921
6110
2239
7923
6069
7435
2099
2455
2780
1713
2811
7578
9433
3690
5674
1836
6143
9694
9051
7513
742
6218
580
5496
1466
9942
8171
7512
2966
9653
6570
1345
4881
5163
6862
6469
3340
6747
6612
4437
9458
6985
3007
7775
7475
9534
1553
4280
3287
6443
2065
6692
5623
4934
5878
5512
6173
122
8121
760
5239
5763
9570
2422
5904
6442
9616
3162
4051
1620
9877
1539
4532
4344
9479
9023
9039
5969
9896
5619
584
7579
9988
4750
3337
3059
8606
4800
8964
5893
512
849
3660
3064
5851
2642
4535
4526
5894
8748
7005
7897
4935
1298
5012
7323
5595
5679
1875
8187
5614
8763
6868
7551
2619
6374
1216
379
7480
2346
5717
6051
457
3308
1371
2445
6878
4949
4228
8116
1429
3426
4049
4731
1622
2471
6667
2408
3223
2586
9641
2000
6759
4486
3111
8935
7661
9721
8303
8678
9781
5673
6584
5213
8455
2937
7767
7485
4644
4853
162
4909
8179
6722
6744
8881
7656
8386
2359
6694
8718
7042
8084
4094
2779
6171
9849
6743
8609
3708
6198
9833
1635
5976
1957
6440
1131
734
6970
5948
2818
3997
6591
1888
3923
2251
4948
2317
2639
7388
6625
4445
9748
2895
3649
6202
4521
4676
3973
9942
1937
9781
6926
9293
2091
719
8154
2391
4939
2457
8953
4276
1791
9145
2439
3777
7726
6573
1335
1219
7233
5267
3250
9381
16
90
3012
9621
4954
8361
7438
2948
1475
293
5322
7183
3075
5978
3340
7920
9927
9071
1689
8742
343
9965
2113
2540
4476
488
2139
1364
4980
5773
214
4690
8758
5185
3693
9827
7945
2592
6990
3551
6295
7628
1729
4895
3119
2479
4026
4380
9083
1326
606
4564
9026
9154
1351
8490
1271
2319
7044
27
9762
7352
2801
2486
5535
1339
2811
1107
1348
3140
5783
5136
4012
2047
7971
5172
9976
7780
5499
1525
8283
1300
226
6339
6764
1218
3217
9356
2243
6017
2779
6843
2551
4814
8945
2293
6412
9035
51
4506
4219
7420
7786
694
1354
9548
5720
6434
3104
4786
8921
2014
360
7990
5018
5770
1157
91
2788
5954
9388
5724
4158
9327
8171
4804
1176
9412
6888
6888
7870
78
4132
319
6992
8991
6008
6427
5439
7077
6848
5077
9767
8696
5290
8398
2747
7487
9948
3930
860
9212
6481
740
3768
5764
585
3949
3521
479
4997
5399
6812
4487
1441
64
5797
9226
7916
2868
195
1354
4354
2715
7571
1780
8150
4789
1475
5160
4464
5250
9902
4324
7948
5341
6017
6118
4452
4510
7397
6730
4283
1023
638
3839
3325
7357
5764
8437
2366
2561
4893
269
7205
8858
6785
7284
9904
2034
7635
437
3793
2386
9831
7790
9109
169
7834
7114
3611
9262
3319
3160
1477
3688
2897
5782
9877
6323
3798
6269
4730
3215
1403
919
8004
894
4769
3672
5841
3949
6012
3964
6667
2411
2807
3717
6962
6679
8546
172
7246
699
7683
4241
9393
5433
6277
2668
7122
1665
9540
5739
5045
7411
1978
2162
176
521
2162
7915
5409
4724
3970
210
4206
2852
2264
1219
7904
2629
7731
8290
8379
5742
2150
7767
931
6119
3632
7883
4384
6676
5117
2702
9877
5754
7192
3352
2602
1874
2546
770
6729
4466
4795
5963
89
3759
5904
1698
5987
7689
4621
6906
3789
5080
5272
5436
7643
3013
1497
9832
6081
7206
9691
2131
4854
7378
3543
1529
1213
5130
8204
6410
4137
7873
3843
6867
6252
496
9060
8520
547
6184
4043
3630
3977
6511
8559
5636
8858
127
6701
6434
9811
8084
8130
2968
7334
360
5337
954
9173
8362
5942
5371
6403
6839
4321
6836
6876
307
9515
3786
3070
5304
1237
7298
7447
8044
6975
828
5529
2332
9300
6439
7642
6667
1286
4958
9600
1694
9483
9500
5127
1069
9328
3026
9250
4719
9631
2908
1976
8358
2412
6934
6476
4920
3629
2848
5994
9326
404
7866
3330
6742
4417
2824
4180
7618
839
6404
5465
5775
8413
554
479
3744
6196
3858
5205
9046
9645
546
8099
7102
3757
7930
4761
733
5223
5949
3220
9985
6162
2427
3917
2240
3156
4363
8142
5560
7368
9788
8878
2553
6189
86
7506
7508
6897
4901
8322
7990
6019
2998
2300
7748
6145
1660
4621
6567
1833
9072
2139
3381
8912
256
9254
5635
7037
1329
6915
6200
4123
5850
5627
9957
3911
797
9471
461
993
519
2647
7556
192
9061
3697
4421
8105
9704
5853
1332
4194
4453
5007
8082
8092
7735
74
6834
2623
2489
4136
6834
7385
4443
7347
3417
4865
5133
4766
1059
836
1828
5346
3799
8606
4195
6420
1922
1556
2862
4032
5596
5145
3530
3854
8813
8916
9096
3007
6032
1774
9812
4733
1631
4444
1312
9102
567
8880
2199
9757
6325
2022
1041
9393
5116
6556
4271
6903
6163
4386
5933
3728
9947
4421
544
8869
6461
2936
7329
7300
291
7754
6230
4716
3128
5037
889
7204
2390
9754
2092
9044
3607
1414
7471
5883
9237
8074
8819
5082
1500
3150
949
197
877
3955
6186
5639
5867
7659
6587
5568
426
4990
2775
1749
6593
3606
4155
4984
78
7368
8229
548
9835
8838
5414
9326
2520
8063
6529
5142
5145
4982
9504
6432
7414
3654
9138
4082
3097
1536
592
1376
3995
6449
9496
1532
6145
5307
5462
6312
4200
6477
6981
6679
4190
4003
7209
934
5779
4967
5943
590
4837
7454
1053
6360
4017
3750
7567
5518
3439
6929
9279
381
4890
316
7293
7746
1822
4029
781
2041
541
1525
9479
2940
9817
7153
5442
2734
792
6444
9863
9317
1489
333
207
2765
4537
3036
4494
6939
7053
1495
479
4085
2224
1416
4412
7482
6048
6164
8629
3258
3040
5935
9319
4322
661
5789
4329
1968
5661
4459
314
6014
9547
3206
7409
8405
8004
4093
1526
4499
6632
4999
4332
6017
5970
2366
6838
2090
438
3264
8245
4278
2348
5311
8141
1459
1274
7799
6036
6134
7492
6401
5351
352
4484
2849
5708
4310
3311
7927
3204
3998
1209
6875
9395
6155
8862
1862
4759
8859
2692
201
6439
9686
575
7323
9048
6678
3217
4904
3771
444
5965
9198
7319
3098
4303
5789
6968
3916
751
2216
3900
7309
7067
1543
4920
2870
3451
5607
4834
5739
3715
2292
7687
9619
34
2477
2319
2266
306
592
961
4210
834
3060
5807
8382
872
1760
8578
1730
2853
3164
7985
1453
6061
3939
6636
8551
7443
7161
6896
1689
6173
6360
4940
3221
5355
8003
7663
4037
1512
8543
9782
2929
9387
3041
6862
4748
6862
7739
7758
1266
3365
1186
7045
4122
8673
8508
375
3573
5546
6964
3947
3006
6692
5746
4005
1665
89
5686
4714
4075
7536
4377
5093
4654
5664
1468
4477
444
4271
658
4718
8026
3965
4617
6420
9987
7536
5940
4009
3152
4129
7453
4732
7753
2439
8047
2972
3755
2754
5130
7856
6864
6726
5387
5647
2756
5931
6980
2646
2377
6350
8944
2643
7468
8632
6209
4144
7255
3914
7720
5184
807
9898
4651
6746
4854
6270
4247
3576
7217
3244
9921
5158
2376
9722
6001
7076
3346
6607
5996
3825
6706
8905
4706
1945
3626
4665
8672
7269
4803
7791
2133
2695
833
2485
9983
2230
8789
6118
3304
3585
610
6433
1699
1340
9585
768
3549
1005
387
6910
8960
1865
621
7728
9794
9511
2746
9979
9432
1375
3734
9136
6468
4270
2565
5250
1452
9836
1199
4736
2731
3260
2412
7300
829
1753
8167
5545
8174
404
92
8692
2730
7798
423
1068
876
6777
4365
6719
1473
6822
5362
3334
7781
339
7088
6054
8017
7730
5384
2722
482
4068
2882
6046
3095
6726
682
3982
8160
7094
8256
30
9354
9513
8145
2706
8552
1491
3444
8513
101
1735
9936
2532
3400
5304
8618
1938
8735
8663
3304
4113
1736
6041
5224
6259
3475
2188
139
556
952
5498
3074
4283
5066
7993
5551
5549
7134
6076
7264
6075
8786
9494
9533
1685
4326
9644
9105
5413
6221
2845
2548
2079
7923
9717
15
8679
7372
5665
3269
4744
6981
176
6408
2264
9356
5260
1734
7894
7979
1701
5951
9581
3955
8376
7975
2797
281
4123
6329
7855
947
9975
6077
4536
664
8062
3651
4266
6748
3697
1676
7323
996
9107
4815
8008
1044
6946
9933
8200
3877
9688
2972
2650
8538
2821
3013
5044
8054
6897
5254
8823
2977
5868
6819
6348
4508
50
4616
390
1215
6697
228
4746
8282
1934
9598
1278
1575
3973
9651
4281
6307
9166
6498
2709
7952
6251
6724
9612
2410
4684
8667
9288
8268
6566
4951
3340
2653
7706
7373
5598
3940
7010
5730
9128
3967
435
6105
6244
7263
7423
7697
772
7283
1399
7323
5473
7901
7921
4520
5829
3917
730
7480
1084
5564
793
7658
1513
5121
2900
2573
6524
7369
1009
8484
6659
7057
5087
7859
9075
4645
6327
7062
1391
8265
9450
4604
6306
2204
5881
8915
1358
4060
3444
161
8660
3540
7582
2455
1257
2012
6415
8233
3963
4552
321
7575
9057
8591
5740
3325
4856
5395
803
7708
9709
3990
3415
9273
2882
8862
7515
7903
875
678
9902
3029
4818
2832
1598
9001
1120
700
8833
4767
9574
359
4684
495
1899
5853
8645
5992
4922
8793
7019
9617
2805
2734
3603
9593
1301
8880
6426
9242
9268
2763
4546
3079
8822
7998
6613
3755
7827
940
6668
7010
1444
7530
4815
7234
7093
7266
8448
8219
7725
3085
6855
2795
3514
4112
3288
9923
3772
9952
4414
8630
2795
271
2573
7397
2012
6165
2800
1518
4997
9749
32
7488
6891
2521
6336
4701
1605
7249
8804
7282
6259
6637
1802
6652
6178
7231
5038
9842
6042
5412
822
4623
8980
5165
6750
8437
455
458
327
2319
8540
7291
3810
4739
5770
9719
364
4007
5578
5189
1104
4538
9373
8625
2621
1680
2030
1267
6376
2188
7234
9149
4027
6127
4984
888
8140
3952
4364
872
8992
8059
1927
4413
7608
4314
8024
4371
4047
7302
4406
6667
2903
7080
3737
6207
3640
3400
2804
5653
1267
5365
1386
4489
5829
2059
5164
1285
4446
520
7235
174
8828
6579
7827
715
8126
8023
1178
8773
5194
5510
6120
3905
9073
6661
1321
2464
7595
2959
8714
8975
6131
215
5600
2330
4048
4469
1948
9858
3680
8242
896
1636
1624
2458
958
369
9865
6839
5599
791
8501
7773
5778
7675
2674
4380
4452
6879
3069
3343
7125
2861
9228
5314
8723
8360
419
6390
8819
244
598
2777
4999
820
224
4072
2083
2033
5945
4095
2364
5018
1286
2956
7425
8870
6317
6480
4074
4690
4795
6587
5690
2310
2800
4380
9297
8842
3787
7909
6225
9766
1375
8552
6285
6744
9449
4560
7866
4232
2498
290
6505
3897
8884
3637
4387
1305
4266
1632
7027
3272
1245
5286
9393
303
1256
967
8770
122
5893
3564
7102
6236
5579
1021
3654
4972
7275
5143
9455
4966
1997
4206
4647
9034
6264
6493
496
2423
8225
913
6029
738
7424
8485
7267
8047
8803
2283
6784
1566
5115
6183
3532
1116
4866
2295
7326
5902
8814
834
7805
3994
4812
5368
3168
4208
639
2541
7549
9589
7002
9429
8062
5114
2682
6110
5880
2741
4146
3764
773
5811
6809
1276
3386
3947
9011
8139
1529
5485
486
6805
770
7738
9465
2987
5075
8236
2600
1070
7508
6557
4475
3740
2361
1167
727
2240
9688
7659
89
6945
3219
7590
6292
5493
7762
820
214
796
9447
3217
9004
9288
2194
1772
8148
6908
8201
8178
4929
9632
2498
1929
9780
2133
1647
1219
1471
3190
4097
736
8208
3065
1386
1114
9576
1010
7515
2524
354
6161
2126
5244
7224
2876
8431
8561
5656
5375
9507
6771
7851
3139
8501
3188
9775
4026
6994
4164
1366
7502
1439
5101
4710
7634
7390
9181
7092
426
5365
9986
3751
2363
9012
938
6700
4825
947
2182
2034
618
2788
8471
2387
4503
469
6879
3678
2670
6450
2442
7055
677
1601
2013
2188
2838
331
7676
2687
140
5316
5234
6746
7604
1989
8728
3181
8006
5121
8163
888
9265
2539
8010
1308
3904
8338
9472
842
1081
7188
7696
5489
7792
755
5438
8948
2220
8613
9026
4218
4718
9185
7246
8838
8883
486
7053
6406
910
3961
5544
1353
1161
3523
9282
8061
7521
6206
7407
937
4057
3732
3842
6991
1992
8098
4826
9760
5453
5221
5354
1314
3182
8998
8714
7409
5229
5383
5699
5573
7263
7671
6337
2701
4429
3718
9881
3031
3108
6845
539
9006
736
4356
4785
6511
3548
4495
5280
581
1966
6151
2776
3297
940
266
4731
5315
3810
3673
5339
8464
4019
3033
7183
8916
5222
2537
1234
3319
1620
7648
1804
6625
2288
3316
6447
6705
2355
290
8303
6911
426
5646
9905
4135
1997
7120
2422
3419
7536
1197
8065
9079
6476
8292
4132
3314
7831
2694
7104
1509
8004
1350
8611
8195
1928
1664
6491
6573
2123
9683
8380
2683
7454
2190
3074
1464
7940
9195
1605
3440
6678
5908
898
5735
3303
4127
2616
2679
7216
6602
5337
6562
872
8073
3169
106
3284
4432
6512
8763
8850
4823
2325
7470
5157
2212
4986
282
1490
2030
2748
2670
2070
5284
4322
10000
7909
9136
1706
7318
4512
6467
3949
891
4046
1323
3300
2249
6629
9844
8238
6559
6544
8879
5946
1690
7953
1307
2165
1398
2688
9122
433
1255
2087
3634
1262
5255
4510
4687
257
6220
9638
8447
9205
4848
7851
7897
951
584
1349
2156
7415
4550
8587
6405
1064
6218
2270
5783
5589
3099
2739
4999
8717
8568
2985
8545
7891
618
6522
1107
7146
394
2974
973
3170
2869
3075
3366
6474
8389
4374
5534
4926
9154
4157
9679
4084
341
2145
2895
7011
3161
7178
3397
9724
657
965
8957
5973
7380
8735
9767
3623
839
5639
3137
6669
7973
1148
6737
399
279
409
6839
1720
4526
106
708
2520
8816
9986
8616
4950
2111
1072
5562
6609
583
9534
1461
6042
5559
4896
9152
3234
4516
8594
3598
9344
9603
8466
1807
6932
1326
3936
709
7841
1089
7802
2759
731
7092
9051
6283
7847
506
6948
8118
3455
1582
3632
5379
790
8528
1556
427
5258
7792
7160
5115
3014
6960
5182
558
7917
8567
2309
201
2746
5120
6303
1938
4164
4905
249
7824
7636
9371
6350
238
2405
5147
1672
5642
5508
5759
9988
1315
6869
8385
1466
4636
1711
6766
2848
8554
1802
481
7606
4446
9712
7812
2129
9306
7331
5188
7721
9329
8286
5594
8942
9315
8971
9550
8407
4986
7413
5558
4026
2090
745
118
7963
4807
5809
2099
7168
8027
4639
310
496
3772
316
8184
7340
4173
789
6448
987
1731
8680
7176
7052
5029
7461
5885
6320
7767
6907
5694
3680
7770
5928
5395
9429
6620
9724
5981
6104
3270
9826
1579
6031
2781
7028
6067
9928
5969
4402
265
9076
9750
7156
960
7395
8749
6267
6456
752
8026
8482
727
1156
7653
1745
7266
6402
577
1923
546
3698
7295
8469
2838
2996
26
3228
6231
3362
4901
2532
3281
1219
5285
5218
2184
3043
5917
5366
3250
759
6216
9740
3530
4384
8355
9216
5231
7325
9953
6300
5488
8958
8325
7980
8291
9212
5610
3495
8273
1374
2749
4490
7708
9652
171
155
9730
9260
5134
5981
4310
3431
6430
1395
680
7922
6901
4716
3261
8441
4016
3969
2435
7115
369
6890
4522
2549
6196
8957
3213
6684
3591
4994
2235
428
3135
8174
776
2804
643
3341
4174
9484
3495
3359
254
8099
1647
8599
4379
3120
886
629
3880
6725
7306
178
8768
3545
8601
4340
6773
5568
3912
1536
4454
5484
8426
7096
4031
8312
4466
3062
3960
3843
6466
670
6434
8286
5329
3441
5317
7508
898
3153
7303
8959
9565
9852
3970
9628
8846
6826
1521
7371
7594
4107
4883
921
6520
4454
877
5531
6038
3123
9580
9110
6702
549
2496
454
7186
9815
400
1674
5610
9262
2842
7831
7927
7105
7948
1761
5434
5679
219
8340
3976
3296
1526
6491
8483
700
494
4424
4675
3282
8088
8441
913
8986
7327
5944
5840
9819
6730
4060
8603
4242
251
6380
7578
4242
2247
5108
3141
1913
3833
4696
579
8304
8437
1807
1033
1383
8428
836
9005
6247
5077
8146
7204
7559
6079
3515
47
6222
537
7436
4939
6453
6598
9609
7006
8625
6014
7000
93
491
9043
4353
8674
1283
1779
1341
6240
1595
7797
2813
9262
8328
6377
9514
2317
2372
4515
6930
3270
6232
2518
7144
4369
321
2640
6617
347
3431
7773
894
6196
1296
2484
9396
9549
6103
4055
6045
9634
4320
1597
6583
2652
1399
4020
1374
9224
6723
1718
6188
7658
6589
2640
9650
4154
5241
2948
8456
5454
9139
7893
3783
4832
3250
9198
1292
9244
3600
2201
1156
3749
8404
3608
2565
1394
5073
9741
5002
672
4783
3179
5199
1376
7193
8637
9350
7252
1686
8826
2410
9737
8805
2970
5737
7108
7191
1678
6470
8388
5152
4704
6734
2954
7472
860
4698
825
6100
795
4000
9334
4774
8399
7118
9615
5674
1212
7887
9037
8209
9906
6638
4175
4853
3975
3503
1209
3674
3134
2770
1064
1932
2465
3492
1764
6938
3571
2907
2044
1672
9803
6721
6624
867
3908
8554
6033
3032
6561
1175
3624
4727
832
5670
2070
2878
5001
3988
7588
2183
6923
4024
5002
3086
5185
3228
1136
2942
5848
1164
3930
9076
9306
492
1874
4152
8028
4975
8885
4311
9339
12
4358
607
7724
5080
640
8578
2857
8458
1788
2179
6864
7387
6395
5532
9907
2611
1067
1064
75
500
7937
7095
2872
2662
2867
7591
9296
2892
9283
6127
7546
3138
4666
9547
2132
9513
7174
5975
2738
6580
587
3350
3638
3049
7673
6748
137
6599
7906
9960
350
5127
5273
1212
7340
3725
2219
5420
4195
3987
7767
817
8817
910
831
4096
1990
2329
459
1626
7046
501
3288
8553
5865
8179
284
1743
8359
3124
8338
4697
368
3089
6541
3024
8743
2412
7297
1210
7832
2191
242
8474
6129
2175
5999
9677
8064
7330
3983
6735
4728
423
9374
9057
7781
4639
9179
2246
2989
4382
9444
677
8901
5666
4029