0
0
5
5
7
9
12
12
13
13
15
16
16
16
17
18
18
21
22
22
23
23
25
25
26
27
29
30
30
32
33
34
35
35
37
38
41
41
42
44
45
47
47
47
49
50
51
52
53
53
54
54
58
59
59
61
63
64
65
67
69
70
70
71
74
74
75
75
75
76
76
78
78
81
81
82
84
85
85
85
86
86
89
89
89
90
90
91
92
93
93
93
98
99
100
100
100
101
102
103
104
105
106
106
106
107
107
107
107
108
109
110
110
111
112
113
114
115
115
116
117
118
119
120
121
121
122
122
122
123
124
125
125
127
127
129
130
131
132
133
134
134
135
135
136
137
137
138
138
139
140
140
141
142
143
145
146
149
150
150
155
158
159
161
162
164
165
166
167
168
168
169
171
172
172
172
173
174
175
176
176
176
178
180
180
185
185
186
189
190
190
191
192
192
192
192
193
195
196
197
200
201
201
202
202
204
204
204
204
206
207
207
209
210
212
213
214
214
214
215
215
218
219
219
222
224
224
224
224
225
226
226
227
228
235
235
236
237
238
238
239
242
242
243
243
244
248
249
251
251
252
254
255
256
256
256
257
257
259
261
263
265
266
268
269
270
270
271
272
276
279
279
279
280
281
281
282
284
285
285
288
288
290
290
290
291
291
291
293
294
294
294
295
297
299
300
302
303
304
305
306
307
307
309
310
311
311
312
312
313
314
314
314
315
315
316
316
317
318
318
319
321
321
322
323
323
323
327
327
328
328
328
331
333
333
336
337
337
339
340
341
343
343
344
345
346
347
348
350
352
352
354
354
355
357
358
359
360
360
362
363
363
364
365
366
368
369
369
370
372
373
373
374
374
375
375
376
376
379
381
381
383
384
384
386
387
387
388
389
389
390
390
390
392
393
394
397
398
399
399
399
400
400
403
404
404
405
407
407
408
409
409
409
411
411
412
413
413
414
417
418
419
419
420
420
421
421
423
423
424
424
426
426
426
427
428
431
431
431
431
432
433
433
433
435
436
437
438
438
440
440
443
444
444
444
446
452
453
453
453
454
454
455
455
457
458
458
458
458
459
459
459
461
461
462
464
466
467
467
468
469
470
470
475
476
478
478
479
479
479
480
481
481
482
486
486
488
488
489
491
491
491
492
494
495
495
496
496
496
500
500
501
501
502
503
503
504
504
506
508
509
509
511
512
512
512
513
514
516
517
518
519
520
521
521
525
526
531
532
532
533
534
536
536
537
539
539
539
541
541
543
543
544
544
544
545
546
546
546
547
548
548
549
550
551
552
553
554
556
556
558
558
558
558
560
564
564
565
565
566
567
567
570
571
572
572
575
575
575
575
576
577
579
579
579
580
581
581
583
584
584
584
585
585
585
587
590
590
592
592
593
594
594
598
600
601
604
604
605
606
607
609
610
611
611
612
615
617
617
618
618
620
621
621
628
629
629
629
634
634
638
638
639
639
640
640
641
643
643
647
650
650
651
651
653
653
657
658
658
658
659
660
660
661
663
664
664
665
667
667
670
671
672
673
673
674
674
676
677
677
677
678
680
681
682
684
685
686
686
686
688
691
691
692
693
693
694
697
697
697
699
699
699
700
700
705
705
706
706
707
708
708
709
709
710
710
710
713
714
715
715
716
717
719
720
720
721
721
722
722
722
723
726
727
727
727
727
730
731
731
732
733
733
734
735
736
736
738
738
738
738
739
740
740
741
742
742
743
745
745
745
748
748
749
750
751
752
752
752
753
754
755
755
758
759
759
759
760
761
761
762
762
763
764
764
764
765
766
767
768
769
770
770
770
772
773
775
775
776
776
777
778
780
781
782
782
785
786
786
788
788
789
789
790
791
791
791
792
792
793
795
796
797
798
801
801
803
805
806
806
807
808
809
809
810
810
811
814
814
816
816
817
818
820
820
821
822
822
824
825
826
826
827
828
829
830
831
831
832
833
833
834
834
834
835
836
836
837
838
838
839
839
840
841
841
842
843
844
849
850
854
855
858
859
859
860
860
865
865
867
868
868
868
869
871
872
872
872
875
876
877
877
881
882
883
884
885
886
886
887
888
888
889
891
891
891
894
894
896
896
897
898
898
898
898
900
902
902
902
906
906
907
907
908
908
910
910
910
912
913
913
914
916
916
919
921
921
921
922
923
923
924
927
931
934
934
935
935
936
936
937
937
937
938
938
939
939
940
940
940
941
941
944
945
947
947
949
951
951
951
952
953
954
954
955
956
958
958
958
959
960
961
962
964
965
967
967
968
968
970
971
971
972
972
973
975
975
976
976
977
977
979
980
980
981
981
982
984
987
988
989
989
993
993
993
994
995
995
996
997
997
997
998
999
1002
1002
1004
1005
1006
1008
1009
1010
1012
1015
1020
1021
1023
1023
1024
1025
1025
1026
1028
1030
1031
1031
1033
1033
1033
1035
1035
1036
1038
1039
1039
1040
1041
1042
1044
1044
1045
1046
1047
1047
1053
1059
1059
1060
1060
1062
1063
1063
1064
1064
1064
1066
1067
1067
1068
1069
1070
1071
1072
1073
1075
1080
1081
1084
1086
1087
1089
1091
1093
1094
1095
1095
1096
1098
1103
1103
1104
1104
1105
1105
1105
1106
1106
1107
1107
1108
1109
1110
1110
1111
1113
1114
1115
1115
1116
1116
1117
1118
1120
1126
1127
1127
1131
1131
1132
1132
1134
1134
1136
1136
1136
1137
1138
1138
1138
1140
1148
1149
1150
1151
1151
1152
1153
1153
1155
1155
1156
1156
1156
1157
1157
1158
1158
1161
1162
1164
1165
1166
1167
1168
1169
1170
1170
1170
1171
1171
1172
1174
1175
1176
1176
1176
1176
1177
1177
1178
1179
1180
1181
1181
1182
1183
1186
1186
1187
1190
1193
1194
1195
1197
1199
1199
1200
1203
1205
1206
1206
1207
1207
1208
1209
1209
1210
1212
1212
1212
1213
1215
1216
1217
1218
1219
1219
1219
1219
1220
1220
1222
1225
1226
1228
1229
1230
1232
1234
1234
1235
1236
1237
1239
1243
1243
1243
1245
1246
1246
1248
1250
1252
1252
1253
1255
1256
1257
1257
1258
1261
1262
1262
1263
1264
1264
1266
1267
1267
1267
1267
1268
1269
1271
1274
1274
1276
1276
1276
1276
1278
1278
1282
1283
1284
1284
1285
1285
1286
1286
1286
1291
1292
1292
1294
1295
1296
1297
1297
1298
1300
1301
1302
1302
1303
1305
1305
1307
1308
1308
1310
1312
1314
1315
1317
1321
1321
1322
1322
1323
1323
1324
1326
1326
1327
1328
1329
1331
1332
1332
1333
1335
1338
1339
1340
1340
1341
1341
1341
1343
1345
1345
1347
1348
1349
1350
1350
1350
1351
1353
1354
1354
1354
1354
1358
1360
1361
1362
1363
1364
1366
1366
1371
1371
1371
1374
1374
1375
1375
1376
1376
1376
1376
1383
1385
1386
1386
1386
1389
1390
1391
1393
1394
1395
1395
1395
1396
1398
1399
1399
1399
1401
1403
1403
1405
1412
1413
1414
1414
1415
1416
1416
1419
1421
1422
1422
1422
1424
1425
1426
1429
1429
1430
1431
1431
1433
1439
1439
1440
1441
1443
1444
1448
1450
1450
1451
1452
1453
1453
1455
1456
1457
1457
1459
1460
1460
1461
1464
1465
1466
1466
1467
1467
1468
1471
1471
1473
1473
1475
1475
1475
1475
1476
1477
1477
1481
1483
1484
1486
1487
1488
1489
1489
1489
1490
1490
1490
1490
1490
1490
1491
1491
1492
1494
1494
1495
1497
1497
1498
1500
1502
1505
1506
1506
1509
1509
1512
1512
1513
1514
1515
1518
1518
1519
1521
1524
1524
1525
1525
1525
1526
1526
1526
1527
1528
1529
1529
1532
1534
1534
1535
1536
1536
1537
1539
1539
1542
1543
1545
1547
1547
1547
1550
1550
1550
1551
1552
1553
1554
1554
1556
1556
1557
1558
1558
1564
1565
1566
1566
1567
1567
1568
1569
1569
1569
1570
1573
1573
1573
1575
1576
1579
1580
1580
1582
1582
1582
1583
1586
1586
1587
1589
1590
1590
1592
1595
1597
1598
1598
1600
1600
1601
1601
1602
1603
1604
1604
1605
1605
1605
1605
1609
1610
1613
1620
1620
1620
1620
1622
1624
1624
1625
1625
1626
1627
1627
1628
1629
1629
1630
1630
1631
1631
1631
1631
1632
1634
1635
1636
1642
1647
1647
1647
1648
1649
1649
1650
1650
1651
1651
1652
1652
1656
1657
1660
1663
1663
1664
1665
1665
1666
1666
1666
1666
1668
1669
1669
1669
1670
1672
1672
1672
1673
1674
1674
1676
1678
1678
1679
1679
1680
1681
1681
1682
1683
1684
1684
1685
1686
1686
1689
1689
1689
1689
1690
1690
1690
1691
1693
1693
1693
1693
1694
1694
1695
1698
1698
1698
1699
1699
1701
1702
1704
1705
1705
1706
1709
1709
1709
1710
1711
1711
1712
1712
1712
1713
1713
1714
1715
1716
1717
1718
1718
1718
1719
1720
1720
1720
1720
1722
1722
1723
1723
1725
1725
1726
1727
1728
1729
1730
1730
1731
1732
1732
1734
1734
1734
1735
1736
1737
1737
1738
1741
1743
1743
1745
1747
1749
1749
1749
1749
1750
1752
1753
1753
1754
1756
1758
1759
1760
1760
1760
1761
1762
1764
1764
1764
1764
1765
1766
1766
1766
1766
1767
1768
1769
1769
1770
1770
1770
1770
1771
1772
1772
1774
1774
1774
1774
1775
1776
1777
1779
1779
1780
1782
1787
1788
1788
1789
1791
1793
1794
1796
1796
1798
1798
1800
1800
1801
1801
1802
1802
1802
1803
1804
1805
1806
1807
1807
1808
1810
1816
1819
1820
1820
1822
1825
1826
1827
1828
1828
1829
1830
1832
1832
1832
1832
1833
1835
1836
1836
1837
1840
1840
1841
1842
1845
1850
1850
1852
1852
1853
1853
1856
1856
1859
1859
1862
1862
1862
1863
1865
1866
1870
1870
1870
1872
1872
1874
1874
1875
1878
1882
1884
1885
1886
1888
1888
1889
1889
1890
1892
1893
1893
1893
1895
1899
1900
1900
1903
1905
1905
1906
1909
1911
1912
1913
1913
1915
1916
1917
1918
1918
1918
1918
1921
1921
1922
1922
1923
1925
1927
1927
1928
1928
1928
1929
1932
1934
1935
1937
1938
1938
1942
1943
1945
1946
1947
1948
1950
1950
1950
1951
1953
1955
1957
1958
1958
1959
1962
1963
1963
1964
1964
1965
1966
1966
1968
1968
1971
1975
1975
1976
1976
1977
1977
1977
1978
1981
1981
1983
1984
1989
1990
1992
1994
1995
1996
1997
1997
1997
1999
1999
2000
2000
2001
2003
2003
2003
2007
2007
2007
2010
2010
2011
2012
2012
2013
2014
2016
2017
2017
2017
2018
2018
2018
2021
2021
2021
2022
2022
2023
2024
2024
2027
2027
2029
2030
2030
2030
2030
2030
2032
2033
2033
2034
2034
2035
2036
2037
2040
2040
2041
2042
2042
2043
2044
2047
2048
2049
2051
2052
2053
2054
2056
2058
2059
2059
2061
2063
2064
2065
2065
2065
2066
2066
2069
2070
2070
2070
2070
2079
2081
2082
2083
2083
2085
2085
2086
2087
2087
2089
2090
2090
2090
2090
2091
2092
2093
2095
2096
2096
2097
2099
2099
2100
2100
2103
2105
2107
2108
2108
2111
2111
2112
2112
2112
2113
2113
2114
2115
2117
2117
2121
2123
2123
2126
2129
2129
2130
2131
2132
2133
2133
2134
2136
2139
2139
2139
2140
2144
2145
2148
2149
2150
2152
2154
2154
2155
2156
2156
2156
2159
2160
2160
2162
2162
2163
2165
2165
2166
2166
2166
2169
2170
2170
2171
2172
2172
2174
2175
2177
2177
2177
2178
2179
2179
2182
2182
2183
2184
2187
2188
2188
2188
2189
2189
2190
2190
2191
2192
2192
2193
2194
2195
2196
2199
2200
2201
2201
2204
2204
2206
2207
2210
2212
2215
2216
2219
2219
2219
2220
2224
2225
2226
2226
2226
2227
2229
2230
2232
2234
2235
2236
2236
2236
2237
2237
2237
2239
2239
2240
2240
2240
2241
2242
2243
2245
2245
2245
2246
2246
2247
2248
2249
2249
2251
2252
2253
2254
2254
2258
2259
2261
2262
2264
2264
2265
2266
2266
2267
2270
2270
2277
2278
2280
2280
2280
2283
2284
2285
2286
2288
2288
2288
2289
2291
2292
2293
2295
2295
2300
2300
2301
2303
2303
2304
2304
2308
2309
2310
2313
2317
2317
2319
2319
2319
2319
2320
2320
2325
2329
2330
2332
2332
2334
2334
2335
2336
2340
2342
2342
2344
2344
2346
2348
2350
2350
2350
2351
2351
2353
2355
2355
2356
2358
2359
2360
2361
2361
2361
2363
2364
2364
2364
2366
2366
2367
2368
2372
2372
2374
2376
2376
2376
2377
2378
2379
2379
2380
2380
2384
2385
2386
2386
2386
2387
2387
2390
2391
2392
2393
2394
2394
2395
2397
2398
2401
2401
2402
2404
2405
2405
2405
2405
2407
2408
2408
2408
2410
2410
2411
2411
2412
2412
2412
2412
2412
2414
2416
2417
2420
2422
2422
2423
2427
2427
2428
2431
2433
2434
2434
2435
2435
2436
2436
2436
2438
2439
2439
2440
2442
2444
2445
2445
2446
2449
2450
2453
2454
2455
2455
2455
2456
2457
2458
2458
2461
2463
2463
2464
2465
2465
2468
2469
2470
2470
2471
2472
2473
2476
2477
2477
2479
2482
2482
2483
2484
2484
2485
2486
2486
2487
2487
2488
2488
2489
2489
2490
2491
2493
2494
2494
2496
2496
2498
2498
2499
2500
2501
2502
2503
2503
2506
2508
2509
2510
2514
2515
2516
2517
2518
2518
2520
2520
2521
2524
2524
2527
2527
2528
2529
2529
2529
2530
2532
2532
2534
2536
2537
2537
2538
2539
2539
2539
2540
2540
2541
2546
2546
2548
2548
2549
2549
2550
2550
2550
2551
2552
2553
2553
2557
2560
2560
2561
2562
2563
2564
2565
2565
2566
2568
2569
2569
2570
2571
2572
2573
2573
2573
2573
2574
2574
2575
2578
2578
2578
2580
2580
2581
2582
2586
2586
2586
2587
2588
2591
2591
2592
2594
2594
2595
2596
2597
2598
2598
2600
2602
2602
2603
2604
2604
2605
2607
2607
2608
2611
2612
2615
2615
2616
2616
2616
2616
2617
2619
2619
2620
2620
2621
2621
2621
2621
2623
2623
2624
2629
2630
2631
2633
2634
2634
2635
2635
2635
2637
2638
2639
2639
2640
2640
2642
2642
2643
2645
2646
2647
2647
2648
2649
2650
2651
2652
2652
2652
2653
2653
2655
2656
2656
2660
2662
2663
2664
2665
2667
2668
2670
2670
2672
2673
2673
2673
2674
2675
2675
2675
2679
2682
2683
2686
2687
2688
2689
2691
2692
2692
2693
2693
2693
2694
2695
2696
2697
2698
2700
2701
2702
2702
2702
2703
2704
2705
2706
2709
2709
2711
2711
2712
2712
2713
2714
2715
2715
2716
2718
2720
2720
2722
2722
2723
2723
2728
2730
2731
2734
2734
2736
2737
2738
2738
2739
2739
2741
2741
2741
2742
2746
2746
2746
2747
2748
2748
2748
2749
2749
2752
2753
2754
2754
2755
2756
2756
2756
2757
2757
2759
2760
2763
2763
2763
2763
2765
2767
2770
2770
2770
2771
2771
2775
2775
2776
2776
2777
2779
2779
2779
2780
2781
2781
2781
2782
2783
2784
2785
2786
2786
2788
2788
2789
2790
2792
2795
2795
2797
2798
2798
2799
2800
2800
2800
2800
2801
2801
2802
2804
2804
2804
2805
2807
2807
2810
2811
2811
2811
2811
2812
2812
2813
2813
2818
2818
2819
2820
2821
2824
2825
2826
2828
2828
2828
2829
2830
2832
2833
2833
2835
2836
2837
2838
2838
2839
2840
2842
2842
2845
2846
2847
2848
2848
2849
2849
2852
2852
2853
2854
2855
2857
2861
2862
2862
2863
2863
2864
2867
2867
2867
2867
2868
2869
2869
2869
2870
2870
2872
2872
2872
2872
2873
2873
2873
2876
2876
2876
2876
2878
2879
2879
2882
2882
2883
2885
2886
2886
2887
2888
2892
2893
2893
2895
2895
2895
2895
2896
2896
2896
2897
2898
2900
2900
2903
2903
2906
2906
2907
2908
2914
2915
2915
2916
2917
2919
2920
2920
2923
2924
2926
2929
2932
2932
2933
2933
2935
2936
2936
2937
2938
2940
2941
2942
2942
2946
2946
2948
2948
2950
2950
2953
2954
2954
2955
2955
2956
2956
2959
2960
2961
2965
2965
2966
2966
2967
2968
2968
2969
2970
2970
2972
2972
2972
2973
2974
2974
2977
2980
2983
2984
2985
2985
2986
2987
2989
2989
2990
2992
2992
2993
2993
2996
2996
2997
2997
2998
2998
2999
3001
3002
3003
3004
3005
3006
3006
3007
3007
3007
3008
3010
3012
3013
3013
3013
3014
3017
3023
3024
3025
3025
3026
3026
3026
3029
3031
3032
3033
3033
3033
3033
3033
3034
3036
3040
3040
3040
3041
3041
3043
3044
3044
3045
3046
3046
3049
3050
3051
3052
3052
3053
3056
3057
3059
3059
3060
3060
3061
3061
3062
3064
3065
3065
3069
3070
3072
3072
3074
3074
3075
3075
3075
3077
3078
3079
3083
3085
3086
3087
3087
3088
3088
3089
3089
3089
3090
3091
3092
3092
3093
3094
3095
3095
3095
3095
3097
3098
3098
3098
3099
3099
3100
3101
3104
3104
3107
3108
3108
3109
3110
3111
3115
3115
3116
3117
3119
3119
3120
3123
3123
3123
3124
3125
3128
3129
3130
3131
3132
3134
3135
3136
3137
3138
3138
3139
3140
3141
3142
3143
3144
3145
3147
3147
3148
3149
3150
3150
3150
3151
3151
3152
3153
3153
3154
3155
3156
3156
3157
3160
3161
3161
3162
3163
3163
3164
3164
3164
3166
3166
3168
3169
3169
3170
3170
3173
3175
3176
3177
3179
3180
3180
3181
3182
3182
3182
3183
3187
3187
3188
3190
3191
3191
3191
3191
3193
3196
3196
3197
3198
3199
3200
3200
3201
3201
3201
3202
3203
3204
3206
3206
3206
3207
3208
3208
3209
3210
3212
3213
3213
3213
3213
3215
3216
3217
3217
3217
3217
3218
3219
3220
3221
3223
3224
3227
3227
3228
3228
3230
3231
3233
3233
3234
3235
3236
3236
3238
3241
3241
3241
3243
3243
3244
3244
3245
3248
3249
3250
3250
3250
3251
3253
3254
3255
3258
3260
3261
3261
3262
3263
3264
3264
3267
3268
3269
3269
3269
3270
3270
3272
3273
3276
3281
3281
3282
3282
3284
3284
3285
3287
3288
3288
3289
3290
3292
3294
3295
3295
3295
3296
3297
3297
3300
3300
3301
3301
3301
3302
3303
3304
3304
3306
3306
3308
3311
3311
3314
3314
3315
3316
3317
3317
3319
3319
3319
3319
3321
3325
3325
3325
3325
3327
3327
3330
3330
3330
3331
3332
3332
3334
3334
3335
3337
3337
3338
3339
3339
3340
3340
3340
3340
3340
3341
3341
3341
3343
3344
3344
3345
3346
3347
3347
3350
3352
3357
3357
3359
3360
3362
3364
3364
3365
3366
3366
3367
3368
3371
3375
3376
3376
3377
3380
3381
3381
3382
3382
3384
3384
3385
3386
3386
3389
3390
3390
3390
3396
3397
3398
3400
3400
3407
3408
3408
3408
3408
3409
3412
3414
3415
3417
3419
3420
3421
3422
3423
3426
3426
3429
3429
3431
3431
3432
3433
3434
3434
3435
3437
3438
3438
3439
3439
3440
3440
3440
3441
3443
3444
3444
3448
3449
3449
3451
3452
3453
3454
3455
3455
3455
3455
3459
3461
3461
3462
3463
3464
3465
3466
3470
3473
3473
3474
3475
3477
3477
3481
3483
3483
3483
3484
3488
3488
3490
3491
3491
3492
3495
3495
3499
3499
3501
3502
3502
3502
3503
3507
3509
3509
3509
3511
3514
3514
3515
3516
3516
3517
3517
3519
3520
3521
3522
3522
3523
3524
3525
3526
3527
3527
3529
3529
3530
3530
3532
3532
3532
3535
3536
3537
3539
3540
3542
3543
3545
3546
3548
3549
3550
3551
3553
3554
3554
3554
3557
3558
3559
3564
3564
3567
3567
3569
3569
3570
3570
3571
3573
3573
3575
3576
3576
3578
3578
3578
3580
3583
3583
3585
3585
3585
3586
3587
3588
3591
3591
3595
3596
3596
3596
3597
3598
3599
3600
3601
3601
3602
3603
3603
3604
3604
3606
3607
3608
3608
3608
3609
3611
3611
3611
3611
3612
3614
3616
3617
3621
3621
3621
3623
3624
3624
3625
3626
3627
3627
3629
3629
3629
3630
3632
3632
3633
3634
3634
3634
3635
3637
3637
3638
3639
3640
3641
3642
3644
3645
3645
3648
3649
3651
3654
3654
3654
3654
3657
3659
3660
3662
3664
3665
3668
3668
3670
3670
3670
3670
3672
3672
3673
3674
3674
3674
3676
3678
3680
3680
3680
3681
3682
3683
3685
3685
3686
3686
3687
3687
3688
3690
3690
3692
3693
3693
3693
3697
3697
3697
3697
3698
3701
3702
3703
3706
3708
3708
3709
3709
3709
3710
3711
3711
3711
3711
3712
3715
3715
3717
3718
3718
3720
3722
3724
3724
3725
3725
3726
3728
3730
3731
3731
3732
3733
3734
3734
3735
3735
3736
3736
3737
3737
3738
3739
3740
3740
3741
3744
3745
3746
3746
3748
3749
3749
3750
3750
3751
3751
3751
3755
3755
3756
3757
3757
3758
3759
3760
3760
3761
3762
3763
3764
3766
3768
3768
3771
3771
3772
3772
3774
3776
3777
3777
3778
3778
3783
3785
3786
3786
3786
3786
3786
3786
3787
3787
3787
3788
3788
3789
3790
3790
3790
3791
3793
3794
3796
3797
3798
3798
3798
3799
3799
3799
3799
3801
3801
3803
3805
3806
3806
3809
3810
3810
3810
3811
3812
3813
3813
3817
3818
3820
3822
3823
3823
3825
3825
3826
3828
3828
3828
3828
3831
3831
3831
3832
3832
3833
3834
3834
3837
3837
3838
3839
3839
3839
3839
3839
3841
3842
3843
3843
3843
3843
3844
3845
3845
3845
3845
3846
3847
3847
3847
3847
3847
3848
3849
3852
3852
3854
3854
3856
3857
3858
3859
3861
3861
3864
3864
3865
3865
3867
3867
3869
3869
3870
3875
3876
3877
3877
3879
3880
3880
3880
3884
3888
3891
3892
3893
3895
3896
3897
3898
3898
3900
3901
3902
3904
3904
3905
3905
3905
3905
3906
3907
3908
3908
3911
3911
3912
3912
3913
3914
3914
3914
3914
3916
3917
3917
3918
3921
3921
3921
3923
3923
3923
3924
3927
3927
3928
3930
3930
3931
3932
3933
3934
3936
3936
3937
3939
3939
3940
3941
3941
3942
3942
3944
3944
3947
3947
3947
3948
3948
3949
3949
3949
3951
3952
3953
3953
3954
3955
3955
3957
3960
3960
3960
3961
3962
3963
3964
3964
3964
3965
3965
3967
3967
3969
3970
3970
3970
3971
3973
3973
3975
3976
3976
3976
3976
3977
3977
3980
3982
3983
3985
3986
3987
3987
3988
3989
3990
3991
3994
3994
3995
3995
3996
3997
3998
3998
4000
4003
4003
4005
4006
4007
4007
4008
4008
4009
4011
4012
4012
4012
4015
4016
4017
4017
4017
4018
4018
4019
4020
4022
4024
4026
4026
4026
4026
4027
4027
4029
4029
4030
4031
4031
4031
4032
4032
4033
4034
4037
4037
4039
4043
4043
4044
4045
4046
4046
4047
4047
4047
4048
4048
4049
4051
4052
4052
4055
4056
4056
4057
4057
4058
4059
4060
4060
4062
4068
4069
4069
4072
4074
4074
4075
4082
4082
4083
4084
4084
4085
4086
4087
4087
4087
4089
4090
4091
4092
4093
4093
4093
4094
4094
4095
4095
4095
4095
4096
4096
4097
4097
4099
4099
4100
4101
4103
4103
4105
4107
4109
4111
4112
4112
4113
4113
4113
4116
4120
4121
4121
4122
4123
4123
4123
4124
4125
4125
4127
4129
4129
4130
4131
4132
4132
4132
4132
4133
4134
4135
4135
4136
4137
4137
4137
4137
4137
4138
4138
4139
4144
4144
4146
4148
4150
4151
4152
4152
4152
4154
4155
4155
4155
4157
4158
4159
4159
4161
4162
4164
4164
4164
4164
4164
4164
4166
4166
4167
4169
4171
4173
4174
4175
4178
4178
4179
4180
4180
4181
4181
4181
4183
4185
4186
4187
4188
4190
4190
4190
4191
4192
4192
4194
4195
4195
4199
4200
4200
4203
4203
4204
4205
4206
4206
4206
4207
4208
4209
4210
4211
4212
4212
4213
4214
4215
4218
4218
4219
4219
4221
4222
4222
4223
4228
4228
4229
4229
4230
4231
4232
4234
4235
4237
4238
4239
4239
4240
4240
4240
4241
4242
4242
4243
4244
4244
4244
4247
4247
4248
4253
4253
4254
4256
4256
4258
4259
4261
4263
4263
4263
4264
4264
4266
4266
4266
4267
4268
4269
4270
4271
4271
4276
4276
4276
4278
4278
4279
4280
4280
4280
4281
4281
4283
4283
4286
4286
4286
4289
4292
4293
4295
4295
4295
4296
4299
4302
4303
4303
4303
4305
4306
4306
4310
4310
4311
4312
4312
4314
4317
4317
4317
4317
4320
4321
4322
4322
4323
4323
4324
4325
4326
4326
4328
4328
4329
4329
4329
4330
4330
4331
4331
4332
4332
4333
4334
4335
4337
4339
4340
4340
4340
4341
4342
4344
4344
4345
4345
4346
4348
4350
4351
4353
4354
4354
4354
4354
4355
4355
4356
4358
4358
4361
4362
4363
4364
4364
4365
4365
4366
4366
4367
4367
4367
4369
4369
4370
4371
4374
4375
4377
4378
4379
4380
4380
4380
4380
4382
4384
4384
4385
4386
4386
4386
4386
4387
4388
4388
4391
4394
4398
4400
4402
4403
4403
4406
4406
4406
4406
4410
4411
4411
4411
4412
4412
4413
4413
4414
4416
4417
4421
4421
4421
4422
4423
4423
4424
4427
4429
4431
4431
4431
4432
4432
4433
4433
4435
4437
4437
4438
4440
4440
4442
4442
4443
4443
4444
4444
4444
4445
4446
4446
4446
4452
4452
4453
4453
4454
4454
4455
4459
4460
4461
4461
4461
4462
4463
4463
4464
4466
4466
4466
4466
4467
4469
4469
4469
4473
4474
4475
4476
4477
4477
4479
4479
4480
4482
4482
4483
4484
4484
4486
4486
4486
4487
4488
4489
4490
4490
4492
4492
4493
4494
4494
4494
4494
4494
4495
4499
4502
4503
4506
4506
4508
4508
4509
4509
4510
4510
4511
4512
4513
4513
4514
4514
4515
4516
4516
4517
4520
4521
4521
4521
4522
4522
4524
4524
4524
4525
4526
4526
4527
4527
4531
4531
4532
4535
4536
4537
4538
4539
4541
4543
4545
4546
4547
4548
4548
4550
4551
4552
4554
4554
4555
4556
4556
4556
4557
4557
4557
4558
4559
4559
4560
4562
4563
4564
4567
4567
4569
4570
4571
4572
4574
4576
4578
4581
4581
4581
4585
4585
4585
4589
4591
4594
4595
4595
4595
4596
4597
4598
4599
4601
4602
4602
4603
4604
4604
4604
4606
4609
4609
4610
4610
4610
4610
4616
4616
4616
4617
4617
4619
4620
4621
4621
4623
4624
4627
4627
4628
4628
4629
4631
4631
4632
4635
4636
4636
4636
4637
4639
4639
4639
4644
4645
4646
4647
4647
4649
4649
4651
4653
4653
4654
4655
4655
4656
4657
4660
4663
4664
4665
4666
4668
4668
4669
4672
4675
4675
4676
4682
4683
4683
4684
4684
4684
4686
4687
4687
4688
4689
4689
4690
4690
4692
4694
4695
4696
4697
4697
4698
4698
4700
4701
4701
4701
4703
4704
4705
4706
4706
4706
4706
4709
4710
4711
4714
4716
4716
4717
4717
4718
4718
4718
4719
4720
4723
4723
4724
4725
4726
4727
4728
4728
4728
4729
4729
4729
4730
4730
4731
4731
4731
4731
4732
4732
4733
4733
4736
4737
4738
4738
4739
4742
4743
4744
4744
4744
4746
4746
4746
4748
4748
4750
4750
4751
4755
4756
4757
4758
4759
4759
4761
4761
4761
4762
4763
4764
4764
4766
4766
4767
4767
4768
4769
4769
4769
4771
4772
4774
4777
4777
4778
4778
4779
4780
4781
4781
4783
4783
4783
4785
4785
4786
4786
4786
4789
4790
4791
4794
4794
4795
4795
4795
4795
4795
4800
4803
4803
4804
4804
4805
4805
4807
4807
4808
4809
4812
4812
4814
4815
4815
4815
4816
4818
4818
4819
4821
4822
4823
4823
4824
4825
4826
4826
4827
4827
4827
4828
4830
4832
4832
4834
4835
4836
4836
4836
4837
4838
4841
4845
4846
4846
4847
4848
4848
4849
4849
4851
4853
4853
4853
4854
4854
4855
4856
4858
4859
4861
4862
4863
4865
4866
4867
4868
4868
4869
4869
4869
4870
4871
4875
4876
4879
4881
4883
4883
4883
4884
4885
4885
4885
4886
4888
4890
4890
4893
4893
4895
4896
4896
4898
4898
4901
4901
4901
4903
4904
4905
4905
4905
4908
4908
4909
4909
4909
4910
4914
4920
4920
4922
4922
4922
4922
4922
4923
4926
4929
4929
4930
4931
4933
4934
4935
4939
4939
4939
4940
4941
4941
4943
4946
4948
4949
4949
4949
4950
4950
4951
4953
4954
4954
4954
4958
4958
4959
4963
4964
4964
4965
4965
4966
4966
4967
4967
4968
4969
4972
4972
4974
4975
4977
4978
4979
4980
4980
4982
4984
4984
4984
4985
4985
4985
4985
4986
4986
4990
4991
4992
4992
4993
4994
4994
4995
4995
4997
4997
4999
4999
4999
5000
5000
5001
5001
5002
5002
5003
5005
5005
5006
5007
5007
5008
5010
5010
5011
5012
5012
5012
5012
5012
5014
5015
5015
5017
5018
5018
5018
5018
5020
5020
5021
5022
5022
5023
5023
5027
5028
5029
5029
5030
5032
5034
5034
5035
5036
5036
5037
5038
5038
5039
5040
5044
5044
5045
5046
5049
5050
5052
5053
5054
5054
5055
5056
5056
5057
5057
5058
5058
5058
5059
5060
5063
5065
5066
5068
5069
5070
5073
5073
5074
5074
5075
5075
5075
5076
5077
5077
5078
5079
5080
5080
5082
5083
5087
5089
5089
5090
5091
5091
5093
5096
5097
5101
5102
5103
5103
5103
5105
5108
5108
5108
5109
5112
5113
5113
5114
5115
5115
5116
5116
5117
5117
5120
5120
5120
5121
5121
5123
5124
5125
5127
5127
5128
5130
5130
5130
5132
5133
5133
5134
5135
5135
5136
5136
5136
5137
5138
5140
5142
5142
5143
5144
5145
5145
5145
5146
5147
5150
5151
5152
5153
5155
5157
5157
5158
5158
5159
5160
5160
5162
5162
5163
5164
5165
5165
5165
5171
5171
5172
5172
5172
5174
5174
5179
5181
5182
5182
5182
5184
5184
5185
5185
5186
5188
5189
5189
5189
5190
5193
5194
5194
5195
5196
5196
5197
5198
5199
5202
5205
5206
5213
5213
5214
5214
5215
5216
5217
5217
5217
5218
5219
5220
5221
5221
5222
5223
5224
5227
5227
5228
5228
5229
5230
5231
5231
5234
5234
5236
5239
5240
5241
5241
5241
5241
5241
5242
5242
5243
5244
5244
5248
5248
5249
5249
5250
5250
5253
5253
5254
5254
5255
5255
5255
5258
5260
5262
5262
5267
5268
5271
5271
5272
5272
5273
5274
5277
5280
5281
5282
5283
5284
5285
5286
5286
5286
5290
5292
5293
5295
5296
5296
5297
5300
5303
5304
5304
5307
5307
5311
5311
5312
5312
5313
5313
5314
5314
5315
5315
5315
5316
5316
5316
5317
5317
5318
5321
5322
5323
5323
5327
5329
5329
5330
5333
5334
5336
5337
5337
5338
5338
5339
5340
5340
5341
5342
5342
5343
5346
5346
5348
5351
5351
5353
5353
5354
5354
5355
5357
5359
5360
5361
5362
5362
5363
5364
5364
5365
5365
5365
5366
5367
5367
5368
5368
5370
5370
5371
5372
5373
5373
5373
5373
5373
5374
5375
5378
5379
5380
5383
5383
5383
5383
5384
5384
5385
5385
5386
5387
5388
5388
5388
5389
5395
5395
5397
5398
5398
5399
5399
5400
5401
5401
5402
5402
5406
5409
5410
5411
5412
5412
5413
5413
5414
5414
5415
5418
5419
5420
5421
5430
5432
5432
5433
5433
5434
5435
5435
5435
5436
5437
5437
5438
5439
5442
5443
5452
5453
5453
5453
5454
5455
5456
5456
5458
5459
5460
5462
5465
5465
5466
5466
5466
5466
5467
5470
5472
5473
5474
5475
5476
5478
5478
5479
5479
5479
5479
5480
5481
5481
5482
5484
5485
5486
5488
5488
5489
5491
5491
5492
5492
5493
5493
5494
5495
5495
5495
5496
5497
5498
5498
5498
5498
5499
5500
5501
5501
5503
5503
5503
5505
5506
5508
5510
5512
5514
5515
5515
5515
5516
5517
5517
5518
5518
5518
5519
5520
5520
5521
5523
5529
5529
5529
5531
5532
5533
5533
5534
5535
5536
5536
5536
5536
5537
5538
5540
5542
5543
5544
5545
5546
5547
5547
5548
5549
5550
5551
5553
5553
5557
5557
5558
5559
5560
5560
5561
5561
5562
5564
5564
5566
5568
5568
5570
5572
5572
5573
5575
5576
5577
5578
5579
5579
5579
5580
5582
5583
5584
5585
5587
5588
5589
5591
5594
5595
5596
5596
5597
5598
5598
5599
5599
5600
5600
5600
5601
5601
5603
5605
5605
5606
5606
5607
5610
5610
5613
5614
5618
5619
5621
5622
5623
5623
5624
5625
5627
5627
5627
5629
5629
5630
5630
5631
5631
5632
5632
5632
5634
5635
5635
5636
5638
5639
5639
5639
5640
5640
5642
5643
5644
5646
5646
5647
5648
5649
5650
5653
5653
5653
5656
5656
5656
5656
5657
5657
5657
5659
5660
5661
5662
5663
5664
5664
5665
5666
5666
5667
5667
5667
5668
5668
5668
5670
5670
5671
5672
5672
5672
5673
5674
5674
5679
5679
5680
5681
5684
5686
5686
5687
5690
5690
5692
5692
5694
5698
5698
5698
5699
5702
5702
5703
5705
5705
5708
5709
5710
5710
5710
5711
5713
5716
5717
5717
5720
5720
5722
5724
5727
5728
5730
5733
5733
5734
5735
5737
5738
5738
5738
5739
5739
5739
5740
5740
5742
5742
5743
5743
5746
5746
5747
5748
5749
5749
5751
5751
5753
5754
5754
5757
5759
5762
5763
5764
5764
5765
5767
5769
5770
5770
5771
5772
5773
5773
5773
5775
5775
5775
5777
5778
5779
5779
5781
5782
5783
5783
5784
5785
5788
5789
5789
5792
5792
5792
5794
5794
5795
5795
5797
5797
5800
5801
5801
5804
5804
5806
5806
5807
5808
5808
5809
5809
5809
5811
5811
5811
5811
5812
5815
5815
5818
5818
5819
5820
5820
5820
5822
5822
5827
5827
5829
5829
5829
5830
5831
5832
5832
5833
5833
5834
5835
5835
5836
5837
5838
5838
5838
5839
5840
5841
5841
5841
5841
5842
5842
5842
5843
5848
5848
5849
5849
5850
5851
5852
5852
5853
5853
5853
5854
5855
5855
5856
5857
5865
5865
5865
5866
5867
5867
5868
5868
5870
5872
5874
5878
5878
5880
5881
5881
5883
5883
5884
5885
5885
5885
5887
5889
5891
5893
5893
5894
5894
5895
5897
5897
5899
5899
5900
5901
5901
5902
5902
5904
5904
5906
5908
5908
5908
5909
5910
5911
5913
5917
5917
5918
5919
5919
5921
5922
5922
5922
5925
5925
5927
5927
5928
5928
5930
5931
5932
5933
5934
5935
5935
5937
5937
5938
5938
5939
5940
5941
5942
5943
5944
5945
5945
5946
5946
5946
5947
5947
5948
5949
5950
5951
5951
5953
5954
5954
5959
5960
5962
5963
5964
5964
5965
5967
5967
5968
5968
5969
5969
5970
5970
5970
5971
5973
5973
5974
5974
5975
5976
5976
5977
5977
5978
5978
5980
5981
5981
5984
5985
5985
5985
5985
5986
5986
5987
5990
5992
5993
5993
5994
5994
5995
5996
5996
5997
5999
6000
6001
6008
6008
6008
6009
6010
6010
6012
6012
6014
6014
6017
6017
6017
6017
6018
6019
6019
6026
6027
6027
6028
6029
6031
6032
6033
6034
6034
6036
6037
6038
6039
6039
6041
6042
6042
6043
6044
6045
6046
6046
6047
6048
6048
6050
6051
6052
6052
6053
6054
6055
6056
6060
6060
6061
6062
6063
6063
6063
6067
6067
6067
6069
6069
6072
6074
6075
6076
6076
6076
6076
6076
6077
6079
6079
6079
6081
6081
6082
6082
6084
6084
6086
6087
6088
6091
6094
6094
6097
6098
6098
6100
6101
6102
6102
6103
6103
6104
6104
6104
6105
6106
6106
6107
6110
6110
6110
6111
6112
6113
6114
6115
6115
6116
6116
6118
6118
6118
6119
6119
6119
6120
6122
6122
6123
6124
6125
6127
6127
6127
6129
6130
6131
6133
6134
6135
6135
6141
6142
6142
6142
6143
6143
6143
6143
6144
6145
6145
6146
6149
6149
6149
6150
6150
6150
6151
6152
6152
6155
6155
6156
6157
6158
6159
6160
6161
6162
6162
6163
6164
6164
6165
6167
6168
6170
6170
6171
6171
6172
6173
6173
6173
6173
6175
6175
6177
6178
6178
6178
6178
6180
6182
6182
6183
6183
6183
6183
6184
6184
6186
6187
6187
6188
6188
6189
6189
6189
6189
6190
6193
6194
6196
6196
6196
6196
6198
6198
6199
6200
6200
6202
6202
6205
6206
6206
6206
6207
6207
6208
6208
6209
6209
6211
6213
6214
6216
6216
6216
6217
6217
6218
6218
6220
6221
6222
6222
6223
6225
6227
6227
6228
6228
6230
6230
6230
6231
6232
6232
6232
6234
6235
6236
6236
6237
6238
6240
6242
6242
6243
6243
6244
6244
6244
6246
6246
6247
6250
6251
6252
6255
6255
6256
6256
6259
6259
6259
6259
6259
6259
6259
6261
6261
6264
6266
6267
6269
6270
6270
6274
6274
6275
6277
6278
6279
6280
6283
6284
6285
6285
6285
6286
6289
6290
6291
6291
6291
6292
6292
6293
6294
6295
6296
6298
6298
6298
6300
6301
6303
6304
6306
6307
6308
6312
6313
6314
6314
6317
6317
6317
6318
6319
6320
6322
6323
6325
6325
6327
6327
6327
6329
6330
6332
6335
6336
6336
6337
6338
6339
6339
6340
6341
6341
6343
6343
6344
6344
6344
6345
6348
6349
6349
6350
6350
6350
6351
6351
6351
6352
6353
6353
6354
6354
6355
6357
6360
6360
6360
6362
6362
6363
6365
6366
6368
6368
6371
6371
6373
6374
6375
6376
6376
6377
6377
6377
6378
6379
6380
6383
6386
6389
6390
6390
6393
6395
6395
6396
6396
6398
6399
6399
6401
6402
6402
6402
6403
6403
6404
6404
6405
6405
6406
6408
6408
6408
6408
6409
6409
6410
6410
6412
6412
6412
6415
6417
6420
6420
6424
6425
6426
6426
6426
6427
6429
6429
6430
6432
6432
6433
6433
6434
6434
6434
6434
6435
6437
6439
6439
6440
6440
6441
6441
6442
6443
6444
6444
6445
6446
6446
6447
6448
6449
6449
6450
6451
6451
6453
6455
6455
6455
6456
6457
6460
6461
6462
6463
6465
6465
6466
6466
6467
6468
6468
6469
6469
6469
6470
6470
6470
6472
6473
6473
6474
6475
6475
6476
6476
6476
6477
6480
6481
6482
6484
6484
6486
6486
6486
6487
6487
6488
6488
6489
6490
6491
6491
6493
6494
6498
6498
6498
6498
6503
6503
6503
6505
6507
6507
6508
6510
6511
6511
6512
6512
6513
6514
6517
6517
6519
6520
6520
6522
6522
6524
6529
6533
6533
6534
6536
6537
6538
6540
6540
6541
6541
6542
6544
6544
6545
6546
6548
6549
6550
6551
6554
6556
6557
6557
6558
6559
6559
6560
6561
6561
6562
6562
6565
6566
6566
6567
6568
6569
6570
6571
6571
6572
6573
6573
6574
6575
6575
6578
6579
6580
6581
6583
6583
6584
6584
6585
6586
6587
6587
6588
6588
6589
6591
6593
6593
6594
6594
6595
6598
6599
6599
6599
6600
6602
6603
6605
6605
6607
6607
6609
6612
6612
6612
6613
6613
6613
6616
6617
6618
6619
6619
6619
6620
6620
6623
6624
6625
6625
6626
6626
6627
6627
6629
6631
6632
6632
6633
6636
6637
6638
6642
6644
6646
6647
6649
6651
6651
6652
6652
6655
6657
6659
6659
6660
6660
6661
6663
6663
6663
6667
6667
6667
6667
6667
6668
6669
6670
6671
6674
6674
6676
6676
6678
6678
6679
6679
6679
6681
6682
6683
6684
6684
6686
6686
6686
6689
6689
6689
6690
6692
6692
6694
6694
6695
6695
6696
6696
6696
6696
6697
6698
6700
6701
6701
6701
6702
6702
6704
6705
6706
6706
6706
6710
6712
6712
6713
6713
6717
6718
6719
6720
6720
6721
6721
6721
6721
6722
6723
6724
6724
6725
6726
6726
6727
6728
6728
6729
6730
6730
6731
6733
6733
6734
6735
6736
6737
6739
6740
6741
6742
6743
6743
6744
6744
6745
6746
6746
6746
6747
6747
6748
6748
6748
6750
6750
6752
6753
6753
6757
6757
6757
6759
6761
6761
6763
6763
6763
6763
6764
6764
6766
6767
6767
6767
6768
6768
6770
6771
6771
6772
6772
6773
6774
6774
6775
6775
6775
6777
6777
6777
6779
6779
6780
6781
6781
6781
6783
6783
6784
6785
6785
6785
6787
6789
6792
6793
6793
6794
6794
6798
6798
6799
6800
6800
6802
6805
6807
6809
6809
6810
6812
6815
6815
6816
6819
6819
6821
6822
6824
6826
6827
6828
6829
6830
6830
6833
6834
6834
6834
6836
6836
6836
6838
6838
6839
6839
6839
6840
6840
6843
6843
6843
6845
6846
6848
6849
6850
6852
6855
6858
6858
6860
6861
6861
6862
6862
6862
6862
6864
6864
6864
6867
6868
6868
6869
6872
6875
6876
6876
6876
6876
6878
6878
6879
6879
6879
6881
6881
6883
6883
6883
6883
6885
6888
6888
6888
6888
6889
6890
6890
6891
6891
6891
6892
6893
6893
6893
6894
6894
6895
6896
6896
6897
6897
6897
6898
6898
6898
6901
6902
6903
6904
6905
6906
6907
6908
6908
6909
6909
6910
6910
6910
6910
6911
6911
6911
6913
6914
6915
6915
6915
6916
6916
6917
6919
6922
6923
6923
6923
6926
6926
6927
6927
6929
6929
6929
6930
6930
6931
6932
6932
6933
6933
6934
6935
6936
6937
6938
6938
6938
6939
6939
6939
6941
6943
6945
6946
6948
6948
6948
6951
6952
6954
6960
6962
6964
6964
6965
6966
6968
6970
6970
6970
6971
6971
6975
6976
6976
6977
6980
6980
6981
6981
6981
6982
6983
6985
6987
6988
6989
6990
6991
6992
6993
6993
6994
6997
6997
6997
6998
7000
7000
7000
7001
7002
7003
7003
7003
7003
7005
7006
7006
7007
7009
7010
7010
7011
7011
7014
7016
7018
7019
7020
7025
7025
7025
7027
7027
7028
7029
7030
7031
7031
7032
7032
7033
7035
7037
7037
7039
7042
7042
7043
7043
7044
7044
7045
7045
7045
7046
7046
7046
7046
7047
7048
7052
7053
7053
7055
7055
7057
7057
7057
7060
7061
7062
7063
7063
7064
7064
7064
7064
7065
7066
7067
7069
7071
7073
7073
7074
7075
7075
7076
7076
7076
7077
7078
7079
7080
7083
7083
7083
7086
7087
7087
7088
7089
7090
7090
7090
7092
7092
7093
7093
7094
7094
7094
7094
7095
7096
7096
7097
7098
7102
7102
7103
7104
7104
7104
7104
7105
7105
7108
7108
7108
7110
7112
7112
7113
7114
7114
7114
7115
7117
7118
7119
7120
7120
7120
7120
7122
7122
7122
7123
7125
7126
7134
7138
7138
7139
7139
7141
7142
7144
7146
7147
7148
7149
7150
7152
7153
7154
7156
7156
7158
7158
7160
7161
7161
7162
7164
7165
7166
7167
7167
7168
7168
7170
7172
7172
7173
7173
7174
7174
7174
7174
7176
7177
7178
7178
7179
7180
7183
7183
7183
7185
7186
7186
7187
7188
7190
7190
7191
7191
7191
7192
7193
7193
7194
7195
7195
7197
7197
7198
7204
7204
7205
7206
7209
7209
7210
7210
7210
7211
7212
7213
7215
7216
7217
7217
7217
7217
7221
7221
7221
7224
7224
7224
7227
7228
7230
7231
7233
7234
7234
7234
7235
7238
7238
7239
7240
7241
7243
7244
7244
7245
7246
7246
7246
7247
7248
7249
7249
7251
7251
7252
7252
7253
7255
7255
7255
7256
7256
7257
7258
7258
7258
7259
7260
7263
7263
7264
7264
7265
7266
7266
7267
7268
7269
7272
7272
7273
7273
7275
7276
7277
7278
7280
7282
7282
7282
7283
7284
7284
7290
7290
7291
7291
7291
7293
7293
7295
7295
7295
7297
7297
7298
7299
7300
7300
7300
7302
7302
7303
7303
7304
7305
7306
7308
7309
7310
7310
7311
7314
7317
7318
7319
7319
7321
7323
7323
7323
7323
7324
7325
7325
7325
7326
7326
7327
7329
7329
7330
7331
7331
7331
7333
7334
7335
7335
7336
7337
7337
7338
7340
7340
7342
7343
7344
7345
7345
7347
7347
7351
7352
7352
7357
7359
7362
7368
7368
7368
7368
7369
7369
7369
7371
7371
7372
7372
7372
7373
7373
7375
7377
7377
7378
7378
7379
7380
7381
7381
7382
7384
7385
7386
7387
7387
7388
7388
7390
7392
7395
7395
7397
7397
7398
7399
7400
7404
7405
7407
7409
7409
7411
7411
7413
7414
7415
7418
7419
7420
7423
7423
7424
7425
7432
7435
7435
7435
7436
7436
7437
7438
7438
7441
7441
7442
7443
7447
7453
7454
7454
7455
7455
7456
7457
7457
7459
7460
7461
7461
7462
7462
7464
7464
7465
7466
7466
7466
7467
7467
7468
7470
7471
7471
7472
7473
7474
7475
7475
7480
7480
7481
7481
7482
7485
7487
7487
7488
7489
7491
7492
7493
7495
7495
7496
7496
7501
7502
7502
7505
7506
7508
7508
7508
7508
7509
7512
7513
7514
7514
7515
7515
7517
7517
7517
7518
7518
7520
7520
7521
7521
7523
7526
7528
7529
7530
7532
7533
7533
7536
7536
7536
7536
7537
7540
7540
7541
7541
7541
7543
7545
7545
7545
7545
7546
7549
7550
7551
7551
7552
7553
7553
7554
7555
7556
7556
7557
7559
7559
7561
7564
7564
7564
7566
7567
7567
7567
7569
7570
7571
7572
7573
7574
7575
7577
7578
7578
7579
7582
7582
7582
7582
7583
7586
7586
7586
7587
7587
7587
7588
7588
7588
7590
7591
7592
7593
7594
7594
7595
7595
7597
7599
7599
7601
7602
7603
7604
7605
7606
7606
7606
7607
7607
7608
7608
7611
7615
7615
7618
7618
7618
7619
7620
7621
7622
7622
7624
7624
7625
7625
7628
7634
7634
7634
7635
7635
7636
7637
7637
7641
7642
7643
7643
7647
7648
7649
7649
7650
7651
7652
7653
7653
7656
7658
7658
7658
7659
7659
7659
7661
7663
7663
7665
7665
7666
7666
7667
7669
7670
7671
7671
7672
7672
7673
7674
7674
7675
7675
7676
7678
7679
7683
7683
7684
7687
7689
7689
7689
7690
7691
7694
7694
7695
7695
7696
7696
7697
7697
7699
7700
7702
7703
7704
7704
7705
7705
7706
7708
7708
7712
7713
7715
7715
7716
7717
7717
7717
7719
7720
7721
7724
7724
7725
7726
7726
7726
7726
7727
7728
7728
7730
7730
7731
7731
7731
7732
7733
7735
7735
7736
7736
7738
7738
7739
7739
7739
7744
7745
7745
7746
7746
7746
7747
7747
7748
7748
7749
7750
7752
7753
7753
7754
7754
7755
7756
7758
7760
7760
7760
7762
7763
7763
7764
7764
7764
7767
7767
7767
7767
7767
7768
7770
7771
7771
7773
7773
7773
7773
7775
7775
7778
7780
7781
7781
7781
7782
7784
7786
7786
7786
7787
7790
7790
7790
7791
7791
7792
7792
7795
7795
7796
7797
7798
7799
7802
7802
7805
7806
7806
7808
7809
7810
7810
7810
7811
7812
7814
7814
7815
7818
7819
7820
7822
7824
7826
7826
7827
7827
7827
7828
7829
7829
7831
7831
7832
7832
7833
7833
7833
7834
7836
7837
7838
7839
7841
7841
7841
7845
7846
7847
7847
7849
7851
7851
7851
7855
7855
7856
7859
7861
7863
7866
7866
7868
7870
7871
7872
7873
7874
7875
7877
7878
7879
7880
7880
7881
7881
7883
7885
7885
7887
7888
7888
7889
7890
7890
7891
7891
7893
7893
7894
7894
7894
7895
7895
7896
7897
7897
7899
7901
7901
7903
7904
7905
7906
7906
7909
7909
7910
7912
7912
7913
7914
7915
7916
7916
7917
7917
7917
7917
7918
7919
7920
7920
7921
7922
7922
7923
7923
7923
7925
7927
7927
7927
7930
7931
7932
7933
7934
7937
7938
7939
7940
7940
7940
7940
7944
7945
7948
7948
7950
7951
7951
7951
7952
7952
7953
7953
7954
7954
7955
7956
7956
7959
7959
7960
7961
7962
7963
7963
7964
7965
7965
7966
7967
7967
7967
7970
7970
7970
7971
7972
7973
7973
7973
7973
7973
7975
7976
7976
7978
7978
7979
7980
7980
7980
7980
7981
7982
7984
7985
7987
7987
7988
7990
7990
7990
7991
7992
7993
7993
7995
7996
7997
7998
7998
8002
8003
8003
8004
8004
8004
8006
8007
8008
8009
8010
8010
8014
8017
8018
8021
8021
8022
8023
8023
8023
8024
8026
8026
8027
8027
8027
8028
8028
8030
8035
8036
8036
8037
8039
8039
8041
8044
8044
8045
8046
8047
8047
8047
8048
8048
8048
8051
8054
8054
8055
8056
8059
8059
8059
8059
8060
8061
8061
8062
8062
8063
8063
8064
8064
8065
8069
8069
8072
8072
8073
8073
8074
8076
8078
8082
8082
8084
8084
8084
8084
8084
8086
8088
8088
8092
8092
8093
8094
8094
8095
8095
8095
8096
8098
8098
8098
8098
8099
8099
8099
8102
8102
8102
8105
8105
8105
8106
8106
8107
8107
8114
8114
8116
8116
8116
8117
8118
8118
8118
8121
8123
8123
8126
8126
8127
8128
8128
8128
8129
8130
8130
8130
8131
8131
8132
8133
8133
8134
8135
8136
8138
8139
8139
8140
8140
8141
8142
8142
8143
8143
8144
8145
8146
8146
8147
8148
8148
8148
8148
8148
8149
8149
8150
8151
8152
8154
8155
8156
8159
8159
8159
8160
8160
8161
8161
8161
8163
8165
8166
8167
8167
8167
8168
8169
8171
8171
8171
8172
8174
8174
8174
8174
8178
8179
8179
8179
8181
8182
8184
8185
8185
8187
8187
8188
8191
8193
8195
8196
8200
8200
8201
8201
8202
8204
8204
8205
8205
8207
8208
8208
8209
8209
8212
8213
8215
8215
8217
8217
8218
8219
8219
8219
8219
8220
8221
8221
8223
8225
8229
8229
8230
8230
8230
8231
8231
8231
8231
8233
8233
8233
8233
8233
8234
8235
8236
8236
8237
8237
8237
8237
8238
8239
8240
8241
8242
8242
8245
8253
8253
8255
8256
8261
8261
8261
8262
8263
8265
8266
8268
8269
8270
8271
8273
8274
8277
8280
8280
8282
8283
8286
8286
8286
8287
8288
8288
8290
8291
8291
8292
8292
8295
8296
8297
8301
8302
8303
8303
8304
8304
8306
8307
8309
8312
8312
8313
8314
8315
8315
8319
8319
8320
8320
8321
8322
8323
8324
8325
8327
8328
8333
8334
8334
8335
8338
8338
8338
8340
8341
8343
8346
8346
8347
8349
8349
8350
8350
8350
8351
8352
8352
8355
8355
8356
8357
8358
8359
8360
8361
8362
8362
8363
8363
8364
8364
8365
8365
8365
8366
8367
8369
8369
8370
8371
8372
8372
8373
8374
8376
8376
8376
8376
8379
8380
8380
8380
8381
8382
8384
8385
8385
8386
8387
8388
8388
8388
8389
8390
8391
8393
8394
8395
8396
8396
8396
8398
8399
8400
8401
8401
8401
8401
8403
8404
8404
8404
8405
8405
8407
8407
8407
8408
8408
8409
8411
8411
8412
8413
8414
8415
8416
8417
8420
8421
8423
8425
8426
8427
8427
8428
8428
8428
8431
8431
8432
8433
8437
8437
8437
8439
8439
8441
8441
8442
8444
8444
8446
8446
8447
8448
8451
8453
8454
8455
8456
8458
8458
8459
8460
8462
8463
8464
8464
8466
8466
8468
8469
8469
8470
8471
8471
8471
8473
8473
8474
8475
8475
8476
8477
8477
8481
8481
8481
8482
8482
8483
8484
8484
8485
8485
8487
8487
8490
8491
8491
8497
8498
8499
8499
8500
8501
8501
8505
8506
8508
8509
8510
8512
8512
8513
8515
8517
8520
8521
8523
8527
8528
8529
8530
8530
8533
8536
8537
8538
8540
8541
8542
8542
8543
8545
8546
8546
8547
8548
8551
8551
8551
8552
8552
8552
8553
8553
8553
8554
8554
8554
8555
8556
8557
8557
8558
8558
8559
8560
8561
8562
8563
8564
8566
8566
8567
8567
8568
8569
8570
8578
8578
8579
8585
8585
8586
8586
8587
8590
8591
8591
8592
8594
8594
8594
8595
8595
8597
8598
8599
8600
8600
8601
8603
8603
8603
8603
8605
8606
8606
8607
8609
8611
8612
8613
8616
8617
8618
8619
8620
8620
8621
8621
8622
8623
8625
8625
8629
8630
8631
8632
8632
8635
8637
8637
8638
8642
8643
8643
8643
8644
8645
8645
8645
8645
8646
8646
8646
8647
8648
8648
8651
8651
8652
8653
8657
8660
8660
8661
8663
8663
8663
8665
8667
8667
8668
8668
8669
8671
8671
8672
8672
8672
8673
8674
8675
8675
8676
8677
8678
8679
8679
8680
8682
8682
8682
8683
8686
8688
8690
8691
8692
8692
8692
8695
8696
8698
8700
8703
8706
8708
8714
8714
8714
8715
8716
8717
8717
8717
8718
8719
8720
8721
8723
8724
8724
8727
8728
8728
8729
8731
8731
8732
8733
8734
8735
8735
8735
8739
8740
8741
8742
8743
8744
8745
8745
8748
8749
8752
8753
8755
8756
8756
8757
8758
8759
8760
8761
8761
8761
8763
8763
8763
8763
8764
8765
8768
8769
8769
8770
8771
8773
8776
8778
8779
8781
8782
8783
8785
8785
8786
8789
8791
8792
8792
8792
8793
8793
8793
8795
8795
8795
8796
8797
8798
8798
8799
8801
8801
8801
8802
8802
8803
8803
8804
8804
8805
8805
8806
8806
8806
8806
8808
8812
8813
8814
8814
8816
8816
8816
8816
8817
8817
8819
8819
8819
8821
8821
8821
8821
8822
8823
8823
8825
8826
8826
8828
8829
8830
8833
8833
8834
8835
8835
8838
8838
8840
8840
8841
8842
8842
8843
8845
8846
8847
8850
8850
8851
8854
8855
8855
8858
8858
8859
8859
8862
8862
8864
8864
8867
8867
8868
8869
8870
8870
8871
8878
8879
8879
8879
8879
8880
8880
8880
8880
8881
8882
8883
8884
8884
8885
8885
8889
8890
8895
8898
8900
8901
8901
8901
8903
8904
8905
8905
8907
8908
8910
8911
8912
8913
8915
8916
8916
8916
8919
8919
8920
8921
8921
8922
8923
8925
8925
8926
8926
8927
8928
8928
8928
8930
8933
8933
8935
8935
8936
8936
8937
8938
8940
8941
8942
8942
8942
8944
8944
8945
8945
8945
8946
8946
8947
8948
8948
8948
8949
8950
8951
8951
8953
8953
8956
8956
8957
8957
8957
8958
8958
8959
8960
8962
8964
8965
8965
8970
8970
8970
8971
8971
8975
8975
8976
8976
8977
8977
8977
8978
8978
8979
8979
8980
8980
8981
8982
8983
8985
8986
8990
8991
8991
8991
8991
8992
8992
8994
8997
8997
8998
8999
9001
9002
9002
9004
9005
9006
9006
9010
9010
9011
9012
9016
9019
9019
9021
9021
9023
9023
9024
9026
9026
9029
9029
9030
9032
9034
9034
9035
9035
9035
9036
9037
9037
9039
9039
9039
9041
9041
9042
9043
9044
9045
9045
9046
9046
9047
9048
9049
9049
9051
9051
9052
9054
9057
9057
9060
9061
9062
9062
9062
9063
9063
9063
9063
9067
9067
9069
9070
9071
9072
9073
9073
9074
9074
9074
9075
9075
9076
9076
9078
9079
9079
9081
9082
9083
9088
9089
9090
9091
9095
9096
9096
9097
9099
9099
9100
9102
9102
9104
9105
9105
9106
9107
9109
9109
9110
9111
9112
9114
9117
9117
9119
9120
9122
9128
9129
9130
9132
9134
9134
9134
9136
9136
9136
9138
9139
9139
9141
9141
9142
9143
9143
9143
9144
9145
9146
9146
9147
9149
9150
9151
9151
9152
9152
9152
9154
9154
9157
9159
9161
9161
9165
9166
9167
9169
9169
9172
9172
9173
9175
9178
9179
9179
9181
9181
9182
9185
9185
9186
9186
9186
9187
9189
9189
9191
9194
9195
9198
9198
9198
9201
9201
9202
9203
9203
9205
9207
9209
9210
9210
9212
9212
9212
9214
9216
9217
9217
9218
9221
9223
9224
9226
9226
9227
9228
9228
9228
9229
9230
9230
9230
9231
9233
9236
9237
9237
9238
9242
9243
9244
9244
9245
9250
9253
9254
9260
9260
9260
9262
9262
9262
9262
9265
9268
9268
9268
9268
9271
9272
9273
9273
9276
9279
9279
9279
9280
9282
9283
9283
9284
9286
9287
9288
9288
9288
9288
9289
9290
9291
9292
9293
9294
9295
9296
9297
9297
9297
9298
9300
9303
9305
9306
9306
9309
9310
9311
9311
9313
9315
9315
9317
9319
9319
9319
9321
9323
9323
9326
9326
9326
9326
9326
9327
9328
9328
9328
9329
9331
9332
9333
9334
9334
9334
9335
9336
9337
9337
9338
9339
9340
9342
9343
9343
9344
9344
9344
9346
9348
9348
9350
9350
9352
9353
9354
9355
9355
9356
9356
9356
9357
9359
9359
9359
9360
9361
9361
9362
9363
9365
9366
9366
9371
9371
9373
9374
9374
9378
9381
9384
9385
9386
9387
9388
9391
9391
9392
9393
9393
9393
9393
9393
9395
9395
9395
9395
9396
9398
9398
9400
9401
9401
9403
9404
9406
9407
9408
9410
9412
9413
9414
9415
9415
9415
9416
9416
9418
9420
9423
9424
9425
9425
9425
9426
9427
9427
9427
9428
9428
9428
9429
9429
9430
9432
9432
9433
9433
9434
9434
9435
9437
9439
9439
9439
9441
9442
9442
9443
9444
9445
9447
9447
9448
9449
9449
9450
9450
9455
9455
9457
9458
9458
9458
9460
9460
9460
9462
9462
9463
9463
9464
9464
9465
9468
9469
9471
9471
9471
9472
9472
9473
9473
9473
9476
9477
9477
9477
9479
9479
9480
9480
9483
9484
9487
9487
9487
9490
9492
9492
9492
9494
9496
9496
9497
9497
9500
9500
9500
9501
9501
9503
9504
9504
9505
9506
9507
9507
9507
9508
9510
9511
9511
9513
9513
9514
9515
9515
9519
9521
9521
9523
9523
9525
9526
9526
9528
9529
9529
9531
9532
9532
9533
9534
9534
9535
9535
9536
9537
9538
9539
9540
9542
9543
9543
9544
9544
9545
9546
9547
9547
9548
9548
9549
9549
9549
9550
9552
9553
9557
9558
9558
9559
9563
9565
9567
9570
9573
9574
9576
9578
9579
9580
9581
9583
9583
9583
9584
9584
9585
9587
9589
9589
9589
9589
9590
9591
9591
9592
9593
9594
9594
9594
9595
9595
9597
9598
9599
9600
9600
9600
9601
9601
9601
9603
9603
9603
9603
9604
9605
9606
9606
9609
9609
9610
9610
9612
9612
9615
9615
9616
9616
9617
9619
9620
9621
9621
9621
9621
9623
9625
9626
9628
9628
9629
9630
9630
9631
9631
9632
9632
9633
9633
9634
9634
9634
9634
9635
9638
9640
9641
9641
9643
9644
9644
9644
9645
9645
9647
9649
9650
9651
9651
9652
9653
9654
9655
9655
9656
9656
9657
9658
9659
9660
9662
9665
9665
9667
9669
9671
9673
9674
9675
9675
9675
9676
9677
9678
9679
9679
9680
9681
9682
9683
9683
9684
9686
9687
9688
9688
9688
9691
9692
9692
9694
9695
9698
9699
9701
9702
9704
9704
9704
9707
9708
9709
9709
9710
9710
9710
9712
9714
9714
9714
9717
9718
9718
9718
9719
9721
9722
9723
9724
9724
9728
9728
9728
9730
9731
9734
9736
9736
9736
9737
9737
9738
9738
9738
9740
9741
9742
9742
9743
9745
9748
9749
9749
9749
9750
9753
9754
9757
9759
9760
9760
9760
9762
9762
9766
9766
9766
9767
9767
9769
9769
9770
9771
9771
9774
9774
9775
9775
9775
9780
9781
9781
9782
9783
9783
9784
9784
9788
9788
9790
9791
9792
9794
9799
9800
9800
9803
9803
9804
9804
9809
9810
9811
9811
9812
9812
9813
9813
9815
9816
9817
9817
9819
9820
9820
9820
9820
9821
9822
9825
9826
9827
9830
9830
9831
9831
9832
9833
9833
9835
9835
9836
9837
9838
9839
9839
9841
9842
9844
9844
9844
9846
9846
9849
9850
9852
9852
9853
9854
9857
9858
9858
9859
9863
9863
9863
9865
9865
9869
9870
9873
9874
9874
9875
9876
9876
9877
9877
9877
9881
9881
9882
9882
9882
9883
9884
9885
9886
9886
9888
9890
9894
9896
9896
9896
9898
9898
9899
9899
9900
9902
9902
9902
9904
9905
9906
9906
9906
9907
9907
9907
9911
9913
9913
9913
9915
9917
9918
9920
9920
9921
9922
9922
9923
9923
9925
9927
9928
9928
9928
9929
9932
9933
9933
9934
9935
9936
9940
9941
9942
9942
9942
9943
9943
9944
9944
9945
9947
9948
9950
9951
9951
9952
9952
9953
9954
9955
9956
9957
9957
9958
9959
9960
9960
9961
9961
9965
9965
9973
9973
9975
9976
9976
9977
9979
9979
9979
9981
9982
9983
9983
9985
9985
9986
9986
9987
9987
9988
9988
9988
9991
9991
9992
9994
9997
9997
9997
9998
9998
10000